AOS.Howard.Moore.Name	Female_Song_Delta_Time_(s)	Female_Song_Peak_Freq_(Hz)	Female_Song_Avg_Entropy_(bits)	Female_Song_n.notes	Female_note_avg_duration_(s)	Female_Song_Pace_(n/s)
Akletos_goeldii	2.15575	2271.775	2.8755	8.5	0.134319444	3.710243708
Akletos_melanoceps	1.393	2343.8	2.911	6	0.1405	3.992015968
Aprositornis_disjuncta	2.261833333	3140.225	4.98825	3	0.712527778	1.290900941
Batara_cinerea	2.79075	1929.9375	2.7764375	27.625	0.061175596	9.754267905
Biatas_nigropectus	2.496	1753.21875	3.1298125	7.8125	0.177419023	2.938219569
Cercomacra_brasiliana	0.12175	1769.5	3.8965	1	0.12175	1
Cercomacra_carbonaria	0.111	1862.65	3.57875	2	0.05275	17.16738197
Cercomacra_cinerascens	0.179166667	1873.4	3.8131875	2.25	0.054020833	9.988346929
Cercomacra_ferdinandi	0.075916667	2002.6	3.8915	2	0.036791667	25.55910543
Cercomacra_manu	0.0835625	1617.225	3.4745625	2	0.03625	21.13606341
Cercomacra_melanaria	0.14225	2191.0125	3.99125	1	0.14225	1
Cercomacra_nigricans	0.1275	1931.9	3.597	1	0.1275	1
Cercomacroides_laeta	1.414875	3184.5	3.685	4.375	0.211952083	2.80566606
Cercomacroides_nigrescens	2.450833333	2104.8625	3.078208333	8.125	0.143590591	3.088101598
Cercomacroides_parkeri	2.523	2956.011111	3.52475	10.52777778	0.132782744	3.986155549
Cercomacroides_serva	1.5795625	2067.55625	3.4641875	6.5	0.096338988	3.708139708
Cercomacroides_tyrannina	1.5798125	2974.25	3.3116875	14.75	0.070089148	9.107628881
Clytoctantes_alixii	1.459645833	2963.185417	2.707833333	5.3125	0.19483497	3.409600697
Clytoctantes_atrogularis	9.661375	2071.825	2.755125	15.875	0.397833827	1.605757423
Cymbilaimus_lineatus	2.71525	1575.533333	2.555916667	5.333333333	0.350665774	1.832598427
Cymbilaimus_sanctaemariae	3.351	2947.233333	3.573	16	0.039245833	4.529321696
Drymophila_caudata	2.246875	3746.475	5.14425	11.625	0.100125049	4.949342141
Drymophila_devillei	3.3285	3552.95	4.31425	20.5	0.073777473	5.991294139
Drymophila_ferruginea	1.1213125	3328.025	4.111875	4.375	0.122338542	3.378466447
Drymophila_genei	1.6633125	4730.70625	3.931770833	5.583333333	0.190726935	3.1124394
Drymophila_malura	1.426166667	4411.905556	4.445611111	9.555555556	0.079066134	6.351089132
Drymophila_ochropyga	2.133979167	3797.908333	4.188916667	5.5625	0.273586673	2.45243948
Drymophila_rubricollis	1.538875	4002.477083	3.9906875	9.6875	0.095930408	6.020674702
Drymophila_squamata	3.1615	4862.816667	3.865416667	6.416666667	0.369627083	1.940155168
Drymophila_striaticeps	1.207604167	4322.441667	4.931145833	6.354166667	0.107757688	4.868103661
Dysithamnus_leucostictus	2.49075	1701.1375	2.706625	8.875	0.157551813	3.375195491
Dysithamnus_mentalis	2.367291667	1963.11875	3.678395833	11.64583333	0.089987775	4.67475306
Dysithamnus_occidentalis	1.627666667	2422.866667	3.356666667	9.333333333	0.110555556	5.492895855
Dysithamnus_plumbeus	2.22525	1433.566667	2.704833333	8.666666667	0.186939791	3.761285516
Dysithamnus_puncticeps	2.598208333	2357.9	2.822833333	26.58333333	0.052910999	10.05121602
Dysithamnus_stictothorax	2.124916667	2122.222222	3.106305556	14.72222222	0.079169187	6.707681352
Dysithamnus_striaticeps	3.6375	2131.8	3.22	19.5	0.091847368	5.217657205
Dysithamnus_xanthopterus	1.625361111	3084.494444	2.953472222	14.63888889	0.063442364	8.732137258
Epinecrophylla_erythrura	3.192	5598.6	4.075666667	6.333333333	0.203468254	1.784599859
Epinecrophylla_fulviventris	3.65075	7224.4	5.3995	14	0.056092857	3.616478424
Epinecrophylla_gutturalis	1.373	5957.533333	4.014666667	25.33333333	0.031720139	18.14187631
Epinecrophylla_haematonota	1.534458333	6651.9625	4.005625	18.08333333	0.055377905	11.54996916
Epinecrophylla_ornata	0.824	6818.866667	5.149	9.333333333	0.053537037	10.81600769
Euchrepomis_sharpei	2.78025	6503.05	4.667875	27.25	0.065059279	9.667829149
Euchrepomis_spodioptila	1.344	6890.6	5.221	12	0.03975	8.433965881
Formicivora_erythronotos	2.741333333	2357.9	4.31475	21	0.042792632	7.411413134
Formicivora_grisea	1.76275	1999.010417	3.783875	15.4375	0.037928985	8.370433728
Formicivora_iheringi	2.423305556	2897.45	3.655555556	5.805555556	0.148949769	2.112930432
Formicivora_littoralis	2.281	2727.5	5.323333333	24	0.027935185	10.20831707
Formicivora_melanogaster	2.673375	2328.5125	4.64675	14	0.03033991	4.918587743
Formicivora_rufa	2.391333333	2770.566667	4.889333333	39	0.026444145	16.06840616
Formicivora_serrana	2.404833333	2109.25	5.207916667	24.75	0.027392398	9.989732931
Frederickena_fulva	3.668	2196.375	2.58425	9.5	0.254244444	2.489926376
Frederickena_unduliger	5.0405	1916.45	2.7365	19.75	0.149039599	3.833211038
Frederickena_viridis	6.343375	1850.2	2.47175	12.875	0.412538176	2.00224696
Gymnocichla_nudiceps	3.2205	3515.6	4.011	12	0.129914286	3.559195899
Gymnopithys_leucaspis	3.752666667	3551.466667	4.133166667	16.66666667	0.176731515	4.38113836
Gymnopithys_rufigula	3.168333333	3201.233333	3.800333333	16.33333333	0.1536375	5.086195816
Hafferia_fortis	2.74775	2706.008333	3.008166667	9.25	0.198374074	3.236086101
Hafferia_immaculata	2.093555556	3027.111111	3.118666667	4.555555556	0.304538889	1.98743568
Hafferia_zeledoni	2.238895833	3395.941667	3.279375	10.14583333	0.106294665	4.288581227
Herpsilochmus_atricapillus	1.609125	2250.225	4.094	24.625	0.031908425	14.97891943
Herpsilochmus_axillaris	1.877625	3590.654167	3.955958333	32.66666667	0.032222842	17.15976462
Herpsilochmus_dorsimaculatus	1.617	2282.55	3.88725	27.25	0.036898715	16.6128591
Herpsilochmus_dugandi	1.634777778	2112.683333	4.104722222	14.11111111	0.047738258	8.261363972
Herpsilochmus_gentryi	1.661	2576.811111	4.168222222	14.72222222	0.047451923	8.504377662
Herpsilochmus_longirostris	1.835895833	1945.25	4.2851875	16.5625	0.053716103	8.732284256
Herpsilochmus_motacilloides	1.76825	2713.175	4.17775	30.75	0.032828909	17.14281344
Herpsilochmus_parkeri	1.746583333	2397.391667	3.922166667	15.08333333	0.065596825	8.378016877
Herpsilochmus_pectoralis	1.7285	1846.475	3.979	21.5	0.045063973	12.17747492
Herpsilochmus_pileatus	1.762958333	2362.55	3.753666667	21.45833333	0.040814935	11.87957597
Herpsilochmus_praedictus	1.759	2239.5	3.801	45	0.022155556	25.33329921
Herpsilochmus_roraimae	2.0135	2800.85	4.20575	18.25	0.045261567	8.764182078
Herpsilochmus_rufimarginatus	1.3113125	2488.3	3.872625	15.0625	0.055779453	11.20042203
Herpsilochmus_sellowi	1.918458333	2668.229167	3.884041667	52.625	0.022107583	27.22333934
Herpsilochmus_stictocephalus	1.658	2497.8625	4.105	12	0.062330395	6.893657661
Herpsilochmus_sticturus	1.861	2756.2	4.774	15	0.054866667	7.751365717
Herpsilochmus_stotzi	1.78925	2132.825	3.37475	29.5	0.030479004	16.20449738
Hylophylax_naevioides	2.618	4026.725	3.81625	13.75	0.145330882	5.156371271
Hylophylax_naevius	3.086	4298.6	4.404111111	16.22222222	0.122689054	5.136896701
Hylophylax_punctulatus	0.908770833	3839.414583	4.325395833	3.125	0.221132813	3.090288692
Hypocnemis_cantator	1.619055556	3371.122222	4.0665	8.722222222	0.099734724	5.082680408
Hypocnemis_flavescens	2.419666667	2874.408333	3.355458333	9.333333333	0.140081965	3.655636629
Hypocnemis_hypoxantha	2.6365625	3644.483333	3.816645833	8.4375	0.154961166	2.997056738
Hypocnemis_ochrogyna	2.170854167	2706.385417	4.051354167	12.125	0.103402831	5.381021457
Hypocnemis_peruviana	2.264541667	3053.227083	4.3571875	9.25	0.140321511	3.883778232
Hypocnemis_rondoni	0.866	2968.766667	3.702	4.333333333	0.1216	4.477879276
Hypocnemis_striata	1.495833333	2639.008333	3.698861111	8.027777778	0.107322611	5.061378112
Hypocnemis_subflava	2.138625	3044.875	3.856125	7	0.158073661	3.029459465
Hypocnemoides_maculicauda	3.524	3641.511111	3.795111111	21	0.094246478	5.831322826
Hypocnemoides_melanopogon	1.823083333	3444.120833	3.945583333	11.25	0.08491978	5.897028494
Hypoedaleus_guttatus	3.589166667	2954.633333	2.998833333	52	0.036812521	14.3566767
Isleria_guttata	5.727	4048.2	3.445	9	0.438777778	1.512795731
Isleria_hauxwelli	6.631	4010.5375	4.07475	17.125	0.200632955	2.507632906
Mackenziaena_leachii	4.144	3445.3	2.836	19	0.160105263	4.518191666
Mackenziaena_severa	2.717055556	2553.8	2.612055556	4.055555556	0.553388889	1.41221178
Megastictus_margaritatus	3.263	2472.65	3.547	14.75	0.140381101	4.403355147
Myrmeciza_longipes	1.708333333	3581.7	3.621166667	15.33333333	0.067175595	8.733671969
Myrmelastes_caurensis	3.2455	3875.95	4.725	8	0.148125	2.259978207
Myrmelastes_hyperythrus	1.873055556	2331.361111	3.579611111	24.94444444	0.035598298	13.0312933
Myrmelastes_leucostigma	2.106	3660.6	3.545	27	0.050444444	12.64864865
Myrmelastes_saturatus	2.30875	5085.95	3.881	17.75	0.061511481	7.453592424
Myrmelastes_schistaceus	2.266833333	3115.116667	3.189666667	6.666666667	0.226345238	2.777113319
Myrmoborus_leucophrys	2.7225	2936.45	3.604	27	0.047975	9.72135239
Myrmoborus_lophotes	2.110875	2320.1	3.423375	10.75	0.06819122	4.773132335
Myrmoborus_lugubris	3.017916667	3473.166667	3.704291667	21.25	0.075837591	6.882887739
Myrmoborus_melanurus	1.910444444	2708.377778	3.182	15	0.074359259	7.624918557
Myrmoborus_myotherinus	1.973604167	3609.588333	3.621420833	8.929166667	0.143243642	4.332024516
Myrmochanes_hemileucus	0.8624375	2203.69375	3.6978125	15	0.026777774	16.7532305
Myrmoderus_eowilsoni	2.310666667	3546.866667	2.603	5.333333333	0.291	2.145568576
Myrmoderus_ferrugineus	1.614729167	3613.602083	3.335729167	11.4375	0.088599497	6.839196046
Myrmoderus_loricatus	1.61	5173.29375	3.3980625	9.5625	0.106011458	5.69319497
Myrmoderus_ruficauda	1.6715	3606.8	3.96875	31.25	0.027334869	18.39839529
Myrmoderus_squamosus	1.848770833	5273.160417	3.598354167	11.8125	0.102305469	6.191076113
Myrmophylax_atrothorax	1.6931875	4616.083333	4.022125	8.791666667	0.100333003	4.891637422
Myrmorchilus_strigilatus	2.212541667	3828.416667	3.614583333	6.583333333	0.276172817	2.883403818
Myrmornis_torquata	8.048	3014.925	3.60725	19	0.267516708	2.313480966
Myrmotherula_assimilis	1.996625	2664.7625	3.9256875	28.9375	0.036501047	14.25292516
Myrmotherula_axillaris	1.931434524	2645.932143	4.337732143	11.85119048	0.11655634	5.979018631
Myrmotherula_brachyura	2.01175	2723.925	4.166875	17.75	0.047155584	8.525932815
Myrmotherula_cherriei	2.242	3014.65	4.844	53.5	0.025335461	23.68423326
Myrmotherula_ignota	2.430704762	2883.183333	3.973583333	17.2952381	0.063214196	6.882915747
Myrmotherula_iheringi	4.439305556	3025.708333	3.533555556	8.222222222	0.261737795	1.728810312
Myrmotherula_klagesi	3.253833333	2476.35	3.348833333	15.66666667	0.073558929	4.611761377
Myrmotherula_longicauda	2.3009375	2648.59375	3.946375	12.5625	0.066640328	5.175005431
Myrmotherula_longipennis	1.936	3051.333333	3.902	6.583333333	0.183791468	3.186454827
Myrmotherula_menetriesii	4.909833333	3725.216667	3.748333333	9.666666667	0.359801852	1.904748726
Myrmotherula_minor	0.91125	5238.275	4.647	8.5	0.055899306	8.768333327
Myrmotherula_multostriata	1.526375	3413.0125	4.702125	5	0.19367381	3.001422996
Myrmotherula_pacifica	1.585	3386.075	4.940375	13.625	0.043540989	8.190292386
Myrmotherula_schisticolor	3.042	6244.6	5.764	8	0.056125	2.344371415
Myrmotherula_sclateri	3.1731875	2575.9125	3.5271875	5.0625	0.272110417	1.400341971
Myrmotherula_snowi	4.5665	3267.675	4.116	4.25	0.3654375	0.773613818
Myrmotherula_surinamensis	1.426375	2906.9875	4.534125	7.25	0.098744823	4.70763629
Myrmotherula_unicolor	0.60925	3692.925	2.63425	1	0.609125	1
Myrmotherula_urosticta	2.084083333	3358.858333	4.183666667	3.333333333	0.529161111	1.500610963
Neoctantes_niger	10.108	1836.766667	3.693333333	17.33333333	0.193806061	1.647469621
Oneillornis_lunulatus	3.716375	2750.8625	4.323875	14.375	0.212295833	3.816979972
Oneillornis_salvini	3.14775	3229.966667	3.716166667	4.583333333	0.586862963	1.399254743
Percnostola_arenarum	1.815333333	2899.766667	2.672666667	11	0.093242424	5.806894367
Percnostola_rufifrons	1.650322917	2799.234375	3.127	5.6875	0.152067634	3.12863906
Phaenostictus_mcleannani	5.633083333	3982.466667	3.282416667	30.83333333	0.12855049	5.419775698
Phlegopsis_borbae	2.367833333	3301	3.086333333	3	0.580222222	1.118811573
Phlegopsis_erythroptera	3.566666667	3502.733333	4.286666667	6	0.425833333	1.5919342
Phlegopsis_nigromaculata	2.207	3060.433333	3.316666667	2.666666667	0.524666667	0.990687537
Pithys_albifrons	0.518354167	3966.627083	3.3523125	1	0.518354167	1
Poliocrania_exsul	1.004041667	2735.6	2.795625	2	0.219677083	1.27491733
Pygiptila_stellaris	0.6105	2325.6	2.9605	6	0.081057143	9.443889803
Pyriglena_atra	1.773375	2595.03125	3.0711875	6.6875	0.167455729	3.541585249
Pyriglena_leuconota	1.805	2937.49	3.1673	11.2	0.077914963	5.905904911
Pyriglena_leucoptera	1.413333333	2528.633333	2.740166667	5	0.182644444	3.250212167
Rhegmatorhina_berlepschi	2.77775	3105.6625	3.618875	6.5	0.362470238	2.277168917
Rhegmatorhina_cristata	3.3905	3569.725	3.5255	6.5	0.457678571	1.875327269
Rhegmatorhina_gymnops	3.246944444	3033.772222	3.928	6.444444444	0.421872685	1.927188018
Rhegmatorhina_hoffmannsi	3.66425	3291.0625	4.09	8.5	0.369784623	2.2765454
Rhegmatorhina_melanosticta	3.089125	4144.595833	3.857291667	4.875	0.49693006	1.494872141
Rhopias_gularis	1.658	3742.7	4.2735	5.5	0.236316667	3.165261837
Rhopornis_ardesiacus	1.859479167	3631.025	3.50425	6.395833333	0.168802976	3.19152382
Sakesphorus_canadensis	3.212875	1835.679167	4.074541667	15.41666667	0.101877414	4.63409767
Sakesphorus_cristatus	2.46675	1708.308333	4.227333333	10.91666667	0.092842735	4.177360596
Sakesphorus_luctuosus	4.3185	1769	3.789	16.66666667	0.116958527	3.728790199
Sciaphylax_castanea	1.734625	3431.829167	2.705916667	8.145833333	0.155786574	4.526006725
Sciaphylax_hemimelaena	1.9415	3648.6	3.4655	9.75	0.136447285	4.847503859
Sclateria_naevia	2.480125	3806.1625	3.864625	27	0.043903384	10.6722639
Sipia_berlepschi	1.94075	2985.522917	3.248395833	6.875	0.13929256	3.261248292
Sipia_laemosticta	1.314	4220.5	3.1915	6	0.120416667	4.189066536
Sipia_nigricauda	1.566895833	5056.710417	3.323166667	4.833333333	0.133179762	2.673704654
Sipia_palliata	2.047583333	4403.525	4.461	5.333333333	0.170273611	2.308267667
Stymphalornis_acutirostris	3.545333333	2397.366667	5.280333333	11	0.040487554	2.853192588
Taraba_major	6.465166667	1737.133333	4.208	41.33333333	0.06947015	6.306323827
Thamnistes_anabatinus	1.496833333	4780.366667	4.337166667	4.916666667	0.229854167	3.091342596
Thamnomanes_ardesiacus	2.667208333	3982.633333	4.46675	11	0.144880556	3.96459179
Thamnomanes_caesius	9.57	3186.9	3.927	59	0.116271186	6.135145311
Thamnomanes_saturninus	4.93475	3567.8875	4.347	15.5	0.17506107	3.046417573
Thamnomanes_schistogynus	3.67075	2293.275	4.542	43.75	0.05190058	11.81314695
Thamnophilus_aethiops	1.539875	1388.9	3.472375	4.5	0.202279167	2.616634945
Thamnophilus_amazonicus	2.360083333	1439.125	4.123583333	22.83333333	0.05876149	9.487301134
Thamnophilus_ambiguus	1.9435	1704.383333	3.788833333	12.5	0.071608009	6.143516855
Thamnophilus_aroyae	2.123166667	1798.066667	3.81925	7.166666667	0.207822222	3.21961237
Thamnophilus_atrinucha	1.705166667	1719.075	3.752333333	14.66666667	0.070755447	8.361828712
Thamnophilus_bernardi	2.182833333	1449.9	3.82125	18.5	0.062081763	8.251791604
Thamnophilus_bridgesi	2.412166667	2067.183333	3.925666667	16.16666667	0.08186746	6.508463216
Thamnophilus_caerulescens	1.52175	1722.65	3.80275	7.416666667	0.149638889	4.676492024
Thamnophilus_cryptoleucus	2.575	1244.983333	3.786194444	14.38888889	0.074673148	5.354855458
Thamnophilus_divisorius	1.639	1792.65	3.914875	16.125	0.056133539	9.555449165
Thamnophilus_doliatus	1.9333125	1752.277083	3.814604167	15.875	0.080481562	8.028255407
Thamnophilus_insignis	2.466729167	1875.21875	3.518958333	11.5625	0.11615843	4.493589509
Thamnophilus_melanonotus	0.300333333	1557.575	3.312916667	1	0.300333333	1
Thamnophilus_melanothorax	3.36075	1275.85	4.139375	5.5	0.221413095	1.433423725
Thamnophilus_multistriatus	1.885375	1684.5	4.1193125	13.625	0.072481914	6.964006922
Thamnophilus_murinus	2.057083333	1880.133333	3.399	5.416666667	0.224158333	2.409627599
Thamnophilus_nigriceps	2.905375	1472.225	3.5550625	14.5	0.095894168	4.80515825
Thamnophilus_nigrocinereus	2.005458333	1383.516667	3.69375	6.458333333	0.122852679	2.899350334
Thamnophilus_palliatus	1.793729167	1797.85	3.608520833	15.47916667	0.066249175	8.381669681
Thamnophilus_pelzelni	1.4895	1798.033333	3.913666667	13.70833333	0.055885157	8.864538057
Thamnophilus_praecox	2.063333333	1012.075	3.716166667	11.20833333	0.104237675	5.210737561
Thamnophilus_punctatus	2.812222222	1542.975	3.491222222	11.11111111	0.099452832	3.727228399
Thamnophilus_ruficapillus	3.266	2605.533333	3.7935	14.83333333	0.1813622	4.484589191
Thamnophilus_schistaceus	1.793388889	1782.466667	3.166583333	6	0.187441799	3.113427604
Thamnophilus_stictocephalus	3.31925	1586.283333	4.094083333	19.33333333	0.065577755	5.634658919
Thamnophilus_sticturus	1.889125	2298.675	4.151375	17.25	0.055806892	8.863709975
Thamnophilus_tenuepunctatus	1.890333333	1720.266667	3.728611111	15.61111111	0.062970929	7.99573805
Thamnophilus_torquatus	3.023666667	2471.833333	3.832	13.16666667	0.159360784	4.247684139
Thamnophilus_unicolor	1.841666667	2015.170833	4.190125	4.041666667	0.204025	1.857345675
Thamnophilus_zarumae	1.959	2002.6	3.82125	19	0.059014912	9.473758566
Willisornis_poecilinotus	4.6945	3459.65	2.966333333	6.333333333	0.597678373	1.301822198
Willisornis_vidua	4.323666667	3674.7	2.816083333	7.416666667	0.448122024	1.655681268
Xenornis_setifrons	2.427791667	4259.9625	2.930833333	8.916666667	0.200338889	3.554134456