AOS.Howard.Moore.Name	Male_Song_Delta_Time_(s)	Male_Song_Peak_Freq_(Hz)	Male_Song_Avg_Entropy_(bits)	Male_Song_n.notes	Male_note_avg_duration_(s)	Male_Song_Pace_(n/s)
Akletos_goeldii	2.313125	2018.75	2.878	8.3125	0.131555804	3.351945018
Akletos_melanoceps	2.318125	2167.70625	2.8715	5.875	0.212750595	2.315502644
Ammonastes_pelzelni	2.811	4500.35	3.038625	10	0.219871415	3.473389955
Aprositornis_disjuncta	3.117138889	3631.055556	4.952	3.666666667	0.812864815	1.157269744
Batara_cinerea	2.7450625	1808.80625	2.75575	22.625	0.072619184	8.091846092
Biatas_nigropectus	2.8561875	1697	2.900875	8.75	0.180171568	2.89609636
Cercomacra_brasiliana	0.1144375	1658.54375	3.8223125	1	0.1144375	1
Cercomacra_carbonaria	0.313125	1807.525	4.343	2	0.08609375	4.404679972
Cercomacra_cinerascens	0.5659375	2107.5875	4.4185625	2	0.1586875	2.455494168
Cercomacra_ferdinandi	1.539208333	1694.85625	3.978125	20.04166667	0.034941477	12.65843663
Cercomacra_manu	0.466375	1246.6625	4.0119375	2	0.08115625	2.595927639
Cercomacra_melanaria	3.158208333	1829.433333	4.2605	4.8125	0.411968229	1.388261716
Cercomacra_nigricans	0.2898125	1815.1375	4.2285	2	0.08884375	4.975897994
Cercomacroides_laeta	1.845583333	3345.63125	3.187708333	9.375	0.112463567	4.832326169
Cercomacroides_nigrescens	1.3695	2295.99375	3.6315	12.625	0.056006107	8.850440848
Cercomacroides_parkeri	2.982111111	2946.438889	3.543944444	12.41666667	0.118183864	3.986367558
Cercomacroides_serva	1.823125	2464.0875	3.881916667	11	0.051509821	5.644566676
Cercomacroides_tyrannina	1.653875	2637.80625	3.5760625	27.75	0.033108953	16.5045412
Clytoctantes_alixii	1.4244375	2823.65625	2.669	5.25	0.234032937	3.570214808
Clytoctantes_atrogularis	11.60166667	2235.633333	2.551	17	0.435278472	1.432871554
Cymbilaimus_lineatus	3.138375	1564.760417	2.510333333	5.25	0.471692361	1.593740454
Cymbilaimus_sanctaemariae	3.846833333	2821.339583	3.484541667	18.9375	0.043810646	4.716642912
Dichrozona_cincta	12.9804375	3116.925	2.5206875	13.9375	0.754592175	1.058209036
Drymophila_caudata	2.1298125	3896.472917	4.897520833	10.29166667	0.118094977	4.618773043
Drymophila_devillei	3.1820625	3653.775	4.4276875	15.4375	0.101669277	4.686901624
Drymophila_ferruginea	0.45275	3193.60625	3.7261875	2	0.120375	3.008649868
Drymophila_genei	1.566	5812.60625	4.9083125	4.5625	0.271175	2.751337053
Drymophila_malura	2.419895833	4637.764583	4.5394375	22.72916667	0.049455181	9.166720391
Drymophila_ochropyga	1.0133125	3913.875	4.5005	2	0.43684375	1.734699409
Drymophila_rubricollis	1.571895833	4108.352083	4.129458333	7.458333333	0.109038079	4.414874456
Drymophila_squamata	4.5899375	4834	3.7354375	6.9375	0.491988393	1.448895495
Drymophila_striaticeps	1.890958333	4146.027083	4.970020833	6.75	0.174219444	3.349373651
Dysithamnus_leucostictus	2.33075	1602.433333	2.814666667	7.75	0.162049603	3.112463118
Dysithamnus_mentalis	2.639770833	1928.125	3.570166667	14.8125	0.080786524	5.397649353
Dysithamnus_occidentalis	1.680222222	2227.983333	3.392277778	10.5	0.093822688	5.988403172
Dysithamnus_plumbeus	2.818375	1496.55	2.663875	11.5625	0.163452538	3.978458938
Dysithamnus_puncticeps	3.081041667	2362.391667	2.7944375	31	0.055866173	9.916780056
Dysithamnus_stictothorax	2.4770625	2149.475	2.746375	17.25	0.08177617	6.784157617
Dysithamnus_striaticeps	3.099	2166.658333	3.066583333	16.25	0.095026149	5.07660877
Dysithamnus_xanthopterus	1.788520833	3110.572917	3.0161875	16.3125	0.060599703	8.861804935
Epinecrophylla_amazonica	2.149958333	6425.770833	3.417666667	17.79166667	0.076717075	8.09923428
Epinecrophylla_dentei	1.42475	6550.8	3.74075	14	0.06651044	9.571212898
Epinecrophylla_erythrura	2.501375	6427.6625	4.780625	6.25	0.193351389	2.274673437
Epinecrophylla_fjeldsaai	1.3078125	6603.16875	3.741354167	14.04166667	0.064008298	10.4853052
Epinecrophylla_fulviventris	2.02775	6723.75	5.252375	8.25	0.066299802	3.696244751
Epinecrophylla_gutturalis	1.798729167	6325.383333	4.1671875	29.6875	0.035746776	16.27214211
Epinecrophylla_haematonota	1.31775	6594.5375	3.807375	17.125	0.050331155	12.72270809
Epinecrophylla_leucophthalma	2.681416667	5918.733333	3.469375	7.833333333	0.240243797	2.799200917
Epinecrophylla_ornata	1.323625	6223.1	4.1718125	14.6875	0.047281391	10.72399306
Epinecrophylla_spodionota	1.3675	5760.15	3.67425	22.25	0.040293478	16.01107262
Euchrepomis_callinota	3.410305556	6945.663889	4.754138889	35.19444444	0.054871505	10.19076636
Euchrepomis_humeralis	2.862458333	5761.91875	5.122145833	28.54166667	0.048265802	9.786703062
Euchrepomis_sharpei	3.068916667	5905.291667	4.430416667	38.58333333	0.048145011	12.44163334
Euchrepomis_spodioptila	2.63875	6063.997222	5.161083333	33.33333333	0.041882337	12.45089759
Formicivora_erythronotos	2.8484375	2177.5625	4.108625	20	0.046300082	6.78053827
Formicivora_grantsaui	2.940055556	3026.6	5.010666667	5.555555556	0.062723016	1.583256538
Formicivora_grisea	1.657927083	1978.427083	3.870291667	14.40625	0.042699772	8.299915379
Formicivora_iheringi	3.5626875	2705.70625	3.6583125	8.9375	0.146950798	2.323803236
Formicivora_littoralis	2.65025	1995.41875	5.179458333	24.375	0.030645662	8.923103258
Formicivora_melanogaster	4.292	2110.275	4.663166667	19.16666667	0.032420957	4.264897184
Formicivora_paludicola	6.90675	2556.3375	4.845	15	0.043559722	2.039867676
Formicivora_rufa	1.591875	2405.2625	4.6850625	25.0625	0.029594526	15.40216395
Formicivora_serrana	2.084333333	1971.677778	5.001972222	21.66666667	0.027886737	10.04969772
Frederickena_fulva	4.614958333	1985.33125	2.878541667	14.22916667	0.218815734	3.009266958
Frederickena_unduliger	4.465944444	1844.813889	2.807333333	18.30555556	0.154139106	4.013528951
Frederickena_viridis	6.501708333	1840.795833	2.536895833	11.3125	0.463372756	1.707838173
Gymnocichla_nudiceps	3.78525	3311.95	3.85175	11.875	0.13144499	2.976349304
Gymnopithys_leucaspis	3.366111111	3056.333333	4.049555556	14	0.191671605	4.095211131
Gymnopithys_rufigula	2.783625	3079.225	3.8856875	13.3125	0.166548324	4.70467683
Hafferia_fortis	2.811125	2719.49375	2.8701875	10.0625	0.177797714	3.441463599
Hafferia_immaculata	2.504333333	2617.34375	2.924041667	5	0.311935069	1.824486028
Hafferia_zeledoni	2.7968125	3071.16875	3.1258125	11.125	0.117212162	3.778548561
Herpsilochmus_atricapillus	1.959666667	2126.416667	3.852	32.875	0.031609138	16.53218306
Herpsilochmus_axillaris	1.690583333	3465.947917	3.9823125	26.58333333	0.033001542	15.43413029
Herpsilochmus_dorsimaculatus	1.666777778	2203.561111	3.496277778	32.16666667	0.031960086	19.06430719
Herpsilochmus_dugandi	1.935375	2369.26875	4.239375	17.1875	0.047123314	8.572744894
Herpsilochmus_gentryi	2.11625	2327.395833	3.732666667	18.95833333	0.048737987	8.685963234
Herpsilochmus_longirostris	2.1248125	2019.8375	4.2701875	15.9375	0.065039752	7.252013608
Herpsilochmus_motacilloides	1.833027778	3017.022222	4.325944444	24.58333333	0.043858104	13.18116089
Herpsilochmus_parkeri	1.905833333	2402.760417	3.442583333	19.54166667	0.052585402	10.00495743
Herpsilochmus_pectoralis	2.055666667	1754.954167	3.781833333	24.58333333	0.047481629	11.74360574
Herpsilochmus_pileatus	2.186458333	2277.035417	3.7501875	25.08333333	0.040742191	11.22391395
Herpsilochmus_praedictus	1.83575	2088.7375	3.36525	52.625	0.022225421	28.46666684
Herpsilochmus_roraimae	1.927	2690.6125	4.194	16.75	0.057140863	8.423094384
Herpsilochmus_rufimarginatus	1.6356875	2274.466667	3.816895833	13.8125	0.064525758	8.154793781
Herpsilochmus_sellowi	2.19475	2671.904167	3.809041667	58.25	0.022609293	26.35648777
Herpsilochmus_stictocephalus	1.997583333	2362.3875	3.859479167	13.16666667	0.066736023	6.301206006
Herpsilochmus_sticturus	2.315208333	2496.272917	4.6825625	20.47916667	0.041415238	8.566815824
Herpsilochmus_stotzi	2.093333333	1927.8	3.271777778	33.61111111	0.034536629	15.83988892
Hylophylax_naevioides	3.65125	4045.527083	3.2679375	17.77083333	0.151553096	4.792081656
Hylophylax_naevius	3.896875	4098.6125	3.8815	20.0625	0.120105075	5.047302425
Hylophylax_punctulatus	0.569	3756.24375	3.67475	2	0.2364375	3.00695358
Hypocnemis_cantator	2.551611111	3157.475	4.095388889	9.416666667	0.167057992	3.529662057
Hypocnemis_flavescens	2.707979167	2779.322917	3.607333333	9.666666667	0.175661622	3.422424919
Hypocnemis_hypoxantha	4.395916667	3364.554167	3.987041667	10.29166667	0.231904662	2.231421681
Hypocnemis_ochrogyna	2.840229167	2885.695833	4.366	12.9375	0.122322387	4.392166828
Hypocnemis_peruviana	2.46175	3006.429167	3.9834375	8.145833333	0.17960927	3.131197493
Hypocnemis_rondoni	0.677375	2905.1875	3.304375	4	0.1200625	5.382976337
Hypocnemis_striata	2.396395833	2692.491667	3.881458333	10.27083333	0.123478861	4.078826216
Hypocnemis_subflava	3.9770625	2924.91875	4.4071875	10.875	0.248581525	2.648531685
Hypocnemoides_maculicauda	3.427875	3386.072917	4.213604167	20.16666667	0.10603029	5.769886415
Hypocnemoides_melanopogon	2.432	3246.122917	3.983604167	14.625	0.086603482	5.80925225
Hypoedaleus_guttatus	3.713979167	2959.197917	2.933916667	49.64583333	0.039529595	13.23894433
Isleria_guttata	9.000604167	3978.245833	3.428604167	17.5625	0.350427466	1.914700771
Isleria_hauxwelli	8.365104167	4069.389583	4.14175	19.33333333	0.233088812	2.254463689
Mackenziaena_leachii	4.303104167	3432.68125	2.654604167	17.5625	0.181976194	4.018923972
Mackenziaena_severa	3.378625	2775.622917	2.6911875	6.1875	0.409096329	1.746910226
Megastictus_margaritatus	2.898916667	2133.595833	3.4770625	11.1875	0.166240279	3.728030164
Microrhopias_quixensis	2.1985	4375.060417	3.905104167	10.97916667	0.106159599	4.769380099
Myrmeciza_longipes	3.251979167	3415.7	3.7450625	25.04166667	0.066733983	7.547822939
Myrmelastes_brunneiceps	2.21	4737.3	3.841833333	23	0.037367677	10.12596552
Myrmelastes_caurensis	3.9165	3738.25	3.6055	10.25	0.130909091	2.443475859
Myrmelastes_humaythae	2.994583333	2960.533333	3.234777778	38.11111111	0.032529786	12.52884545
Myrmelastes_hyperythrus	2.5555	2269.78125	3.558625	32.1875	0.037428147	12.38546865
Myrmelastes_leucostigma	2.642	3690.216667	3.593833333	33.16666667	0.036184941	12.34418634
Myrmelastes_rufifacies	2.470916667	3537.71875	3.553458333	24.29166667	0.04725283	9.610106118
Myrmelastes_saturatus	2.772583333	5351.563889	3.684305556	23.63888889	0.050030121	8.315315486
Myrmelastes_schistaceus	2.5645625	3108.84375	3.505625	6.9375	0.220315228	2.532795952
Myrmoborus_leucophrys	4.449575	2860.648333	3.269016667	46.25	0.05626667	10.29975513
Myrmoborus_lophotes	2.8096875	2146.416667	3.6125	15.9375	0.064841135	5.442016788
Myrmoborus_lugubris	4.212791667	3030.208333	3.551416667	25.0625	0.082025767	5.825190917
Myrmoborus_melanurus	3.065541667	2679.979167	3.58925	21.66666667	0.076527225	6.9142077
Myrmoborus_myotherinus	2.8981875	3241.921875	3.2324375	12.21875	0.159069181	4.095752243
Myrmochanes_hemileucus	0.737333333	1924.197917	3.710854167	15.72916667	0.024535195	20.66386805
Myrmoderus_eowilsoni	1.427916667	3218.725	2.534666667	3.916666667	0.2548125	2.486281056
Myrmoderus_ferrugineus	1.7793125	3748.63125	3.237020833	10.70833333	0.109764583	5.81494741
Myrmoderus_loricatus	1.743875	5090.925	3.202375	11.375	0.090549182	6.275230136
Myrmoderus_ruficauda	1.83875	3730.5875	4.059791667	30.45833333	0.029794975	16.28472401
Myrmoderus_squamosus	1.713625	5203.68125	3.2459375	11	0.104922196	6.216188579
Myrmophylax_atrothorax	1.6650625	4343.622917	3.913875	9.791666667	0.097166362	5.60730169
Myrmorchilus_strigilatus	0.9245625	3709.541667	3.14175	2	0.417458333	1.971981431
Myrmornis_torquata	6.0653125	3090.2875	3.55	17.5625	0.212840579	2.830000762
Myrmotherula_ambigua	6.95775	2627.05	2.521	12.5	0.140645299	1.686933164
Myrmotherula_assimilis	3.199625	2605.525	3.928375	48	0.034564498	14.84963715
Myrmotherula_axillaris	2.891387755	2502.691156	4.037666667	16.05782313	0.111669766	5.417032658
Myrmotherula_behni	2.907666667	3761.108333	3.730416667	8.083333333	0.238904266	2.654164092
Myrmotherula_brachyura	2.574958333	2695.933333	4.171666667	23.54166667	0.048053576	8.920663352
Myrmotherula_cherriei	2.479625	2797.7	4.801625	53.125	0.026365581	21.2472434
Myrmotherula_grisea	1.618333333	3097.175	3.413708333	5.5	0.236842857	3.257351446
Myrmotherula_ignota	2.835322917	2856.733333	3.96775	18.20833333	0.066837634	6.215793684
Myrmotherula_iheringi	7.147625	2532.695833	3.256791667	12.22916667	0.314956547	1.64345259
Myrmotherula_klagesi	3.396791667	2281.375	3.200666667	12.58333333	0.082031487	3.494471004
Myrmotherula_longicauda	2.911916667	2449.425	3.8176875	15.54166667	0.071112962	5.118856556
Myrmotherula_longipennis	2.4230625	3355.13125	3.9571875	7.125	0.20453575	2.760841176
Myrmotherula_menetriesii	5.7238125	3568.9375	3.3489375	11.8125	0.328274912	2.003970841
Myrmotherula_minor	1.3575	5663.2	5.1985	7	0.1131875	4.821939826
Myrmotherula_multostriata	2.120708333	3327.916667	3.9361875	7.166666667	0.181876488	3.180609335
Myrmotherula_pacifica	1.7275	3639.45	4.75175	13.125	0.054636682	7.24805181
Myrmotherula_schisticolor	1.21725	4220.475	5.6165	8.25	0.083024351	6.392026141
Myrmotherula_sclateri	4.96375	2489.8	3.4281875	6.6875	0.263068378	1.209930912
Myrmotherula_snowi	3.915125	3566.8875	3.321375	5.75	0.317034375	1.320144625
Myrmotherula_sunensis	1.063416667	4410.116667	3.976916667	2.833333333	0.294666667	2.384823848
Myrmotherula_surinamensis	1.575	2214.8	3.992	10	0.073775	5.995103998
Myrmotherula_unicolor	0.5408125	3484.25	2.530625	1	0.536833333	1
Myrmotherula_urosticta	3.023229167	3685.15625	3.418479167	4.354166667	0.582288194	1.374128545
Neoctantes_niger	7.82	1660.125	3.3305	15	0.139983333	1.822912711
Oneillornis_lunulatus	3.790375	2809.64375	3.8314375	17.5625	0.171012749	4.576082429
Oneillornis_salvini	3.916166667	3433.220833	3.792125	6.020833333	0.583505729	1.5065539
Percnostola_arenarum	2.1875	2670.13125	2.768125	11.75	0.10020253	5.150200272
Percnostola_rufifrons	2.616885417	2663.145833	2.943854167	8.270833333	0.161791203	2.961529254
Phaenostictus_mcleannani	4.932833333	4016.116667	2.9445	23	0.156667045	4.606204783
Phlegopsis_borbae	1.95675	2944.625	2.9915	2.166666667	0.738652778	0.957777955
Phlegopsis_erythroptera	3.6878125	3329.55625	4.016125	6.6875	0.400053571	1.729901773
Phlegopsis_nigromaculata	2.2705	2996.4	3.27425	3	0.552583333	1.164200825
Pithys_albifrons	0.563166667	3872.56875	2.927375	1	0.563166667	1
Poliocrania_exsul	1.19325	2554.38125	2.978375	2	0.23559375	1.044216022
Pygiptila_stellaris	0.681791667	2667.422917	3.073166667	8.458333333	0.064533112	12.08299712
Pyriglena_atra	2.1286875	2425.50625	2.8904375	8.875	0.138752394	3.957415485
Pyriglena_leuconota	2.353666667	2577.108333	2.99175	14.33333333	0.079586025	5.863175248
Pyriglena_leucoptera	1.913875	2450.420833	2.820916667	6.458333333	0.177118552	3.142831765
Rhegmatorhina_berlepschi	3.1914	3337.88	3.8434	5.9	0.478061667	1.805893478
Rhegmatorhina_cristata	3.244722222	3409.472222	3.452	6.444444444	0.444187302	1.944073043
Rhegmatorhina_gymnops	3.71925	3366.341667	4.157	7.75	0.449165341	2.064166743
Rhegmatorhina_hoffmannsi	3.561916667	3216.691667	4.0855	8.083333333	0.378278935	2.224918138
Rhegmatorhina_melanosticta	2.9960625	3578.81875	3.561625	6.25	0.425444345	2.042310325
Rhopias_gularis	2.396375	3844.525	3.711854167	8.25	0.202342113	3.304417196
Rhopornis_ardesiacus	2.607291667	3356.483333	3.5465625	7.6875	0.174262318	2.748631045
Sakesphorus_canadensis	3.666083333	2202.491667	3.7845625	16.5	0.112624709	4.36194751
Sakesphorus_cristatus	2.86825	1617.6875	4.2309375	10.75	0.106838237	3.530802661
Sakesphorus_luctuosus	4.097541667	1583.304167	3.89425	15	0.121043169	3.520685349
Sciaphylax_castanea	1.3314375	3347.866667	2.622166667	6.229166667	0.15480439	4.444177732
Sciaphylax_hemimelaena	1.440083333	3494.739583	2.871333333	8.854166667	0.103419362	5.87594701
Sclateria_naevia	3.6715625	3823.104167	3.9445625	37.20833333	0.042699821	9.977873658
Sipia_berlepschi	2.119986111	3207.674306	3.543027778	8.5625	0.131183333	3.802538937
Sipia_laemosticta	1.8024375	4355.35	3.352625	9.125	0.084161111	4.728575713
Sipia_nigricauda	2.000416667	5076.689583	3.3045625	6.25	0.107750521	2.7738648
Sipia_palliata	2.083291667	4515.322917	4.038833333	5.979166667	0.129662698	2.548675694
Stymphalornis_acutirostris	4.862	2445.425	5.22675	13.5	0.044683358	2.594805559
Taraba_major	9.205875	1475.1875	4.155875	57.5	0.064066659	6.18039647
Terenura_maculata	2.007666667	4703.616667	4.484333333	37.5	0.027586258	18.43359484
Thamnistes_anabatinus	1.591916667	4615.291667	4.509583333	6.416666667	0.177167593	3.828711936
Thamnomanes_ardesiacus	3.936083333	3765.091667	4.42725	14.75	0.166246972	3.647373171
Thamnomanes_caesius	9.223291667	2671.870833	4.03025	58.83333333	0.099797133	6.338945359
Thamnomanes_saturninus	4.801520833	3029.752083	4.013479167	17.91666667	0.131620805	3.62249011
Thamnomanes_schistogynus	3.356694444	2563.577778	4.403333333	41.97222222	0.052863057	12.40142653
Thamnophilus_aethiops	1.9294375	1439.4625	3.442875	5.25	0.176002728	2.423814144
Thamnophilus_amazonicus	3.037875	1483.1125	3.8026875	31	0.060733346	10.07677951
Thamnophilus_ambiguus	2.142895833	1577.970833	3.778375	13.8125	0.069152752	6.178441348
Thamnophilus_aroyae	2.391229167	1672.435417	3.640895833	6.4375	0.228542758	2.514234139
Thamnophilus_atrinucha	2.576625	1857.25625	3.632125	16.5	0.081135594	6.211206493
Thamnophilus_bernardi	2.38684127	1310.286111	3.600452381	22.44047619	0.062824814	9.225612898
Thamnophilus_bridgesi	2.572895833	1966.2875	3.720791667	17.29166667	0.079573344	6.534119327
Thamnophilus_caerulescens	1.5026875	1641.7625	3.2161875	7.125	0.156073586	4.548445503
Thamnophilus_cryptoleucus	3.513166667	1179.75625	3.697270833	21.0625	0.069483315	5.825884076
Thamnophilus_divisorius	2.059	1754.966667	3.8565	21.58333333	0.052826485	10.25999654
Thamnophilus_doliatus	2.400895833	1626.204167	3.4945	16.5625	0.096449942	6.753250341
Thamnophilus_insignis	2.8035	1681.575	3.432375	13.25	0.113592949	4.554060704
Thamnophilus_melanonotus	0.297125	1501.1375	3.223	1	0.297125	1
Thamnophilus_melanothorax	4.76675	1103.370833	4.143041667	9.145833333	0.191894154	1.780566122
Thamnophilus_multistriatus	2.364895833	1622.477083	3.743958333	15.83333333	0.08105192	6.49489803
Thamnophilus_murinus	2.136333333	1822.075	3.131083333	5.5	0.24367996	2.377614445
Thamnophilus_nigriceps	2.807	1381.477778	3.670666667	13.11111111	0.11042716	4.491297596
Thamnophilus_nigrocinereus	2.785968254	1312.849603	3.653511905	11.30555556	0.094772386	3.829359163
Thamnophilus_palliatus	2.411166667	1702.145833	3.38725	19.72916667	0.070768714	8.002556423
Thamnophilus_pelzelni	1.8508125	1901.227083	3.7966875	17.125	0.056015267	8.984301793
Thamnophilus_praecox	2.602	1064.995833	3.190041667	17.16666667	0.088857034	6.432847986
Thamnophilus_punctatus	2.346020833	1528.614583	3.849395833	9.854166667	0.08808087	3.92134725
Thamnophilus_ruficapillus	3.620416667	2467.74375	3.949270833	15.0625	0.179030383	4.086289315
Thamnophilus_schistaceus	2.2898125	1655.1375	3.1566875	7.916666667	0.18666112	3.288715559
Thamnophilus_stictocephalus	3.199375	1616.5875	4.0785625	21.625	0.056768631	6.563023674
Thamnophilus_sticturus	2.06575	2016.966667	4.002166667	19.66666667	0.053905385	9.27838389
Thamnophilus_tenuepunctatus	2.6298125	1726.38125	3.7250625	18.5	0.06869586	6.832957049
Thamnophilus_torquatus	3.4959375	2794.154167	3.924729167	17.3125	0.143290304	4.865558183
Thamnophilus_unicolor	2.091125	1864.925	3.788833333	4.583333333	0.204951389	1.899789771
Thamnophilus_zarumae	2.1310625	1849.175	4.09275	20.25	0.05868994	9.288870339
Willisornis_poecilinotus	5.331375	3229.514583	3.233833333	8.375	0.528010051	1.535381983
Willisornis_vidua	5.067055556	3347.65	3.104722222	8.722222222	0.451014308	1.672910143
Xenornis_setifrons	2.711416667	3816.754167	3.041625	9	0.213141383	3.20220916