AOS.Howard.Moore.Name	wing_(mm)	primary10_(mm)	secondary_1_(mm)	rectrix_1_(mm)	Rwidth_(mm)	bill_length_(mm)	bill_width_(mm)	bill_depth_(mm)	tarsus_(mm)	hallux_(mm)
Akletos_goeldii	88.3475	63.01	82.855	68.5975	13.7075	13.605	5.45	6.3	33.48	22.4675
Akletos_melanoceps	85.515	58.36	80.4525	59.89	13.175	14.22	6.1475	6.5875	32.41	19.93
Ammonastes_pelzelni	56.3375	41.14	52.5575	46.185	9.5025	10.2525	3.9325	3.7375	23.5975	13.56
Ampelornis_griseiceps	56.955	37.2875	55.5575	54.19	8.7275	10.435	3.7975	3.4025	23.835	14.6675
Aprositornis_disjuncta	59.2425	39.62	54.8325	49.4275	13.4025	12.39	4.2375	3.93	25.4225	15.625
Batara_cinerea	116.68	81.5125	111.6	160.195	26.185	22.59	8.1025	12.685	46.49	26.7725
Biatas_nigropectus	74.502	51.822	69.1	79.534	10.524	11.7325	5.81	6.324	24.848	17.164
Cercomacra_brasiliana	59.6	45.26	54.23	67.91	11.76666667	9.145	4.433333333	4.21	21.68666667	12.77
Cercomacra_carbonaria	65.33	41.67	60.455	70.2175	10.865	11.43	4.8575	4.48	24.0625	14.1475
Cercomacra_cinerascens	61.7375	41.2825	58.965	65.31	11.9975	11.48	5.0825	4.6225	19.0125	12.9
Cercomacra_ferdinandi	68.92	46.935	62.65	73.485	11.74	11.255	5.075	4.6125	23.5925	13.745
Cercomacra_manu	67.225	43.61	63.4	73.975	14.83	11.06	5.385	4.69	22.905	13.98
Cercomacra_melanaria	70.476	46.968	64.8	76.054	14.226	10.678	4.484	4.2975	26.752	15.716
Cercomacra_nigricans	65.148	41.384	59.858	69.134	11.77	10.772	4.85	4.542	23.42333333	15.09
Cercomacroides_fuscicauda	65.8675	43.37	61.515	60.5475	11.97	11.315	4.1225	4.563333333	24.245	15.19
Cercomacroides_laeta	58.392	40.298	53.262	56.298	10.29	10.252	4.622	4.228	22.394	13.746
Cercomacroides_nigrescens	63.1	40.2675	58.845	59.835	12.765	10.94	4.91	4.3375	24.1775	15.2975
Cercomacroides_parkeri	62.04	40.7825	58.7375	64.27	10.8025	10.48	4.73	4.1925	22.5625	14.565
Cercomacroides_serva	63.1825	39.9675	58.9475	55.8975	12.29	10.28	4.4925	4.42	22.2025	15.315
Cercomacroides_tyrannina	62.116	40.91	57.762	57.866	10.156	10.972	5.094	4.482	22.746	14.592
Clytoctantes_alixii	74.07333333	50.32333333	69.33666667	59.15	13.85333333	15.68666667	4.116666667	9.193333333	22.39666667	23.61666667
Clytoctantes_atrogularis	77.01	54.43	73.78666667	60.62333333	16.10333333	14.44333333	4.223333333	9.286666667	22.01	21.24333333
Cymbilaimus_lineatus	75.12	52.7675	69.4575	70.6	11.3	14.5275	8.695	8.825	25.9775	15.2325
Cymbilaimus_sanctaemariae	70.586	48.43	66.718	64.35	10.282	13.61	7.176	7.558	24.118	15.598
Dichrozona_cincta	57.9375	44.0875	52.46	23.7525	5.1375	10.7725	3.6475	3.475	20.4875	12.1975
Drymophila_caudata	54.49	33.855	49.085	78.12	9.34	9.05	4.225	3.61	19.815	15.005
Drymophila_devillei	50.6	35.55125	45.5275	64.73142857	7.634285714	8.48875	4.11625	3.73125	18.435	12.26
Drymophila_ferruginea	51.1725	34.28	47.895	60.13	9.9075	9.005	4.435	3.8725	18.235	11.935
Drymophila_genei	52.715	34.52	49.135	68.005	9.585	8.2175	3.2475	3.245	21.2375	12.935
Drymophila_hellmayri	51.31	32.8125	43.4975	77.495	9.9025	8.815	4.505	4.02	20.34	13.38
Drymophila_klagesi	53.595	35.52	48.79	73.28	10.24	8.215	4.495	4.255	22.29	13.265
Drymophila_malura	54.595	33.01	50.5575	76.43	11.79	8.265	3.51	3.435	21.6825	13.5425
Drymophila_ochropyga	52.4975	35.9975	48.565	59.4375	10.8475	8.765	3.6975	3.395	19.905	12.5925
Drymophila_rubricollis	52.155	33.4975	48.6175	66.47	9.753333333	8.5475	3.92	3.5425	19.29	12.88
Drymophila_squamata	52.31	32.7025	48.155	51.83	8.0375	9.5975	3.96	3.505	19.71	12.7525
Drymophila_striaticeps	51.9675	34.8225	48.67	72.235	9.5125	9.08	4.225	3.5325	19.5875	14.78
Dysithamnus_leucostictus	69.528	49.234	61.972	48.336	9.16	10.848	4.886	4.914	20.882	12.954
Dysithamnus_mentalis	61.37714286	40.91142857	55.10714286	42.67	7.324285714	9.234285714	4.184285714	4.162857143	19.77428571	12.41714286
Dysithamnus_occidentalis	68.20857143	46.97846154	65.07285714	55.73428571	10.83142857	10.46142857	5.128571429	5.535	23.54	15.56384615
Dysithamnus_plumbeus	71.045	49.1325	63.0075	43.36	7.92	11.245	4.515	4.935	23.3775	15.8275
Dysithamnus_puncticeps	55.87	38.86	50.3475	36.56	6.615	10.6175	5.045	4.8525	19.5925	11.35
Dysithamnus_stictothorax	57.2825	39.9	53.765	43.2775	7.4875	10.245	4.9125	5.0075	20.7125	12.475
Dysithamnus_striaticeps	57.135	40.04666667	50.43	30.6425	5.89	10.5425	5.3575	5.155	19.4925	12.3
Dysithamnus_xanthopterus	60.955	41.72	55.4475	54.6425	7.3775	9.655	4.5075	4.885	21.0825	11.83666667
Epinecrophylla_amazonica	50.34285714	33.52428571	45.17571429	37.02571429	7.322857143	9.147142857	3.974285714	4.171428571	16.35428571	11.33
Epinecrophylla_erythrura	51.9075	35.19	45.8775	42.5925	6.59	8.9775	3.9875	3.8975	15.91	11.55
Epinecrophylla_fjeldsaai	51.045	34.005	45.475	38.065	7.64	8.555	3.775	3.72	15.765	10.945
Epinecrophylla_fulviventris	49.4325	33.25333333	44.0525	33.605	6.49	9.4975	4.105	3.9675	16.4475	11.2925
Epinecrophylla_gutturalis	50.0375	33.3075	44.7825	39.9925	6.705	8.8525	3.6225	3.7725	15.745	10.9375
Epinecrophylla_haematonota	49.76	34.24	44.95375	37.1025	6.82625	9.26	3.99875	3.8575	16.4825	11.45375
Epinecrophylla_leucophthalma	49.145	33.1875	44.01	40.54	6.9575	8.795	3.8925	3.6725	15.905	11.6475
Epinecrophylla_ornata	50.15875	34.3425	45.955	35.95375	7.345	8.77375	4.16375	3.905	16.455	11.315
Epinecrophylla_spodionota	52.41	35.775	46.6525	39.9825	8.3825	8.335	3.9925	4.0475	17.1125	12.71
Euchrepomis_callinota	52.46	36.2025	45.955	42.0675	5.9025	8.4575	3.17	3.0875	14.6775	9.91
Euchrepomis_humeralis	48.7525	34.9125	42.5475	35.3525	5.5475	9.0275	3.25	3.245	14.145	9.3475
Euchrepomis_sharpei	51.9825	35.625	44.76	43.2475	6.4225	8.565	2.875	2.9325	14.5375	9.275
Euchrepomis_spodioptila	47.794	34.648	42.48	36.746	5.106	9.1	3.228	3.144	14.486	8.612
Formicivora_erythronotos	48.3225	32.19333333	45.2425	43.3125	8.6775	7.99	3.335	3.11	19.185	12.3675
Formicivora_grantsaui	48.41	33.845	45.4575	56.805	9.0625	9.0125	2.895	3.566666667	20.0775	12.73
Formicivora_grisea	52.97	36.3588	49.2637037	48.86296296	8.695185185	9.495925926	3.768148148	3.658333333	21.058	12.01296296
Formicivora_iheringi	50.085	32.75	46.025	52.09	7.15	8.155	2.635	2.655	16.62	10.305
Formicivora_littoralis	55.9725	38.49	52.23	56.8975	9.665	10.3275	3.57	3.775	23.06	13.4475
Formicivora_melanogaster	49.7825	33.71	46.875	56.19	8.9475	8.8825	2.8925	3.1725	21.1525	11.045
Formicivora_rufa	50.1025	35.17	46.9075	58.39	10.03	9.175	3.4675	3.6875	20.485	11.99
Formicivora_serrana	51.89333333	35.21833333	48.16833333	53.79166667	8.683333333	9.044	3.188333333	3.346	21.65833333	12.558
Frederickena_fulva	98.0675	71.16	90.9675	85.9225	18.22	16.7575	7.78	9.975	35.5625	23.9375
Frederickena_unduliger	98.955	72.5125	93.785	85.745	16.225	17.385	8.1075	10.4925	35.31	24.4075
Frederickena_viridis	93.395	67.1175	88.315	78.54	13.985	15.75	7.2025	10.0025	34.33	21.8
Gymnocichla_nudiceps	74.7175	50.9275	68.475	57.745	13.2325	12.5625	5.3275	5.1925	30.1825	19.2425
Gymnopithys_bicolor	74.6825	53.185	67.84	45.5725	11.2125	12.3675	5.165	4.9	27.45	17.5175
Gymnopithys_leucaspis	71.238	51.91	65.212	42.876	9.458	11.832	4.726	4.81	26.448	16.672
Gymnopithys_rufigula	74.78833333	53.17333333	67.70166667	49.15333333	10.54833333	12.33666667	5.031666667	4.95	27.04666667	17.29333333
Hafferia_fortis	78.695	54.89	73.86	64.8425	13.485	13.5975	5.4075	6.3525	32.95	18.655
Hafferia_immaculata	82.01	52.5	70.5	85.63	14	12.93	5.215	6.11	33.08	18.73
Hafferia_zeledoni	79.068	54.348	73.604	73.386	14.248	13.284	5.552	6.292	34.68	19.778
Herpsilochmus_atricapillus	51.51	36.022	46.996	53.914	7.056	9.14	3.702	3.91	18.262	9.97
Herpsilochmus_axillaris	52.0975	36.9375	46.8475	46.575	6.22	8.8475	4.0475	3.8075	17.7525	11.2475
Herpsilochmus_dorsimaculatus	48.9675	33.7425	44.2825	40.895	5.4175	10.515	4.115	4.105	17.0525	10.075
Herpsilochmus_dugandi	47.775	33.1	43.935	34.67	5.13	9.325	3.875	3.775	16.44	10.42
Herpsilochmus_gentryi	48.14	33.8625	44.065	35.4575	5.4025	9.2525	3.9125	3.81	16.5025	10.285
Herpsilochmus_longirostris	60.755	43.67	52.33	51.035	7.1575	10.8875	4.6	4.2175	18.9525	11.2275
Herpsilochmus_motacilloides	51.61	35.38375	47.9	53.4675	7.2475	8.56125	3.68125	3.62125	17.52125	10.545
Herpsilochmus_parkeri	54.7275	38.5975	50.1675	56.7275	7.33	9.2825	4.1475	3.9275	18.8325	11.0375
Herpsilochmus_pectoralis	54.062	37.646	50.756	45.974	6.674	9.488	4.128	4.074	20.188	11.012
Herpsilochmus_pileatus	48.475	33.73666667	44.51333333	41.24666667	5.871666667	9.896666667	4.053333333	3.68	18.185	9.958333333
Herpsilochmus_praedictus	49.74	34.84	45.84333333	45.30666667	6.88	10.21333333	4.503333333	4.023333333	17.83666667	10.21
Herpsilochmus_roraimae	52.85666667	37.06666667	47.64	53.38	6.07	9.99	4.4	4.093333333	18.76333333	10.79666667
Herpsilochmus_rufimarginatus	48.68	34.04222222	44.31888889	45.51222222	5.931111111	9.233333333	3.984444444	3.947777778	18.14888889	10.42
Herpsilochmus_sellowi	46.73909091	32.71181818	43.28	48.52	5.77	8.581818182	3.106363636	3.242727273	18.32818182	8.694545455
Herpsilochmus_stictocephalus	48.81	34.285	44.7275	39.1825	5.57	9.3975	3.9275	3.61	17.5425	9.7275
Herpsilochmus_sticturus	48.0175	34.0875	44.4675	35.6825	5.41	9.315	3.95	3.845	16.57	9.96
Herpsilochmus_stotzi	49.6725	32.75	45.585	43.65	6.5725	9.36	4.0025	3.9525	16.8925	9.6725
Hylophylax_naevioides	61.9425	43.62	55.325	35.4925	7.585	10.505	4.77	4.2225	22.08	14.6625
Hylophylax_naevius	58.02	41.5225	51.2625	35.1075	7.8875	9.5375	5	3.8075	20.87	12.8725
Hylophylax_punctulatus	58.4175	41.7875	51.515	31.245	6.4975	10.3725	5.045	4.02	16.6475	12.18
Hypocnemis_cantator	52.7975	35.5575	48.5225	41.9275	6.23	9.42	4.5825	4.0725	19.5375	12.6125
Hypocnemis_flavescens	53.4275	37.585	49.8975	40.4325	8.2375	9.63	4.7625	4.25	20.1125	12.9875
Hypocnemis_hypoxantha	53.495	36.625	48.755	42.3925	6.555	10.1175	4.8275	4.1825	19.215	12.39
Hypocnemis_ochrogyna	54.585	35.1525	50.1425	39.2925	7.29	9.175	4.3875	3.9675	20.16	13.3275
Hypocnemis_peruviana	51.785	35.6525	47.12	36.165	5.9	9.6225	4.4975	3.9425	20.1725	12.115
Hypocnemis_rondoni	51.4025	34.58	46.865	37.615	6.5425	9.15	4.445	4.1275	19.765	12.705
Hypocnemis_striata	52.095	35.695	48.3575	40.08	6.78	9.4775	4.6775	3.9375	19.5825	12.4575
Hypocnemis_subflava	52.0025	35.0475	47.57	38.8925	6.6375	9.3975	4.1025	3.99	19.8975	13.415
Hypocnemoides_maculicauda	59.03	42.655	52.0625	35.9625	8.4675	10.9225	4.0625	3.35	20.525	13.5475
Hypocnemoides_melanopogon	61.09	44.6675	54.205	32.6275	7.9325	11.0175	4.24	3.5125	20.1375	13.9925
Hypoedaleus_guttatus	81.375	53.7975	76.145	95.095	13.57	14.8575	8.4275	9.645	28.5	15.96
Isleria_guttata	50.48	35.1075	43.3575	22.995	5.6675	8.83	3.43	3.5125	19.16	12.3375
Isleria_hauxwelli	51.5325	36.3825	46.3075	23.4325	5.855	8.8625	3.69	3.545	19.045	12.7175
Mackenziaena_leachii	89.0175	59	85.25	132.3525	23.535	13.795	6.1025	9.495	37.61	23.1075
Mackenziaena_severa	89.1125	57.4325	85.3175	116.0225	18.6125	13.3775	6.3325	8.3	33.2825	19.6075
Megastictus_margaritatus	68.1475	49.7725	59.54	47.8575	9.72	11.8875	5.3475	5.145	20.1125	13.7325
Microrhopias_quixensis	51.1	32.52	46.7175	46.935	9.73	9.57	4.195	3.625	16.1225	9.4675
Myrmeciza_longipes	65.80142857	47.08714286	62.63285714	52.38857143	9.474285714	12.07428571	4.314285714	4.467142857	29.45571429	16.17857143
Myrmelastes_brunneiceps	66.4	45.2775	62.7525	55.1875	12.62	11.5075	4.61	4.8925	25.72	15.7025
Myrmelastes_caurensis	84.16	56.8	78.03	74.39	14.27	14.36	5.33	6.11	29.2	17.62
Myrmelastes_humaythae	68.3275	46.22	63.875	53.3025	12.3875	12.6225	4.5425	5.0275	25.4475	15.7175
Myrmelastes_hyperythrus	78.1175	54.5975	75.0875	59.355	11.925	13.9425	5.33	6.1575	29.615	17.8875
Myrmelastes_leucostigma	66.53	44.8225	62.225	56.96	12.31	11.5175	4.505	4.84	26.9725	16.5425
Myrmelastes_rufifacies	66.26	45.54	60.274	55.096	11.434	12.474	4.692	4.718	25.656	15.578
Myrmelastes_saturatus	64.13333333	41.63333333	57	54.36666667	17.65	11.26666667	4.566666667	4.733333333	23.9	15.66666667
Myrmelastes_schistaceus	64.8075	44.7875	58.9525	46.51	10.165	10.4925	4.42	4.7475	25.7225	14.65
Myrmoborus_leucophrys	66.48	45.355	59.6425	44.1375	8.74	11.3675	4.9075	4.8275	26.105	17.2825
Myrmoborus_lophotes	73.135	50.71	68.585	53.9375	11.2425	11.97	5.2325	5.6725	30.665	19.705
Myrmoborus_lugubris	67.074	46.616	60.382	41.308	8.662	11.716	5.194	5.166	26.982	16.702
Myrmoborus_melanurus	63.342	43.818	58.778	40.376	9.272	10.3	4.804	4.646	25.248	15.932
Myrmoborus_myotherinus	61.1975	42.9175	55.195	35.71	8.295	10.7375	4.5175	4.645	25.6625	15.82
Myrmochanes_hemileucus	53.69	36.2325	49.36	35.0225	6.4875	10.855	4.09	3.375	20.94	14.9325
Myrmoderus_eowilsoni	69.90333333	47.54833333	66.43	61.93666667	12.35333333	11.94333333	4.388333333	4.576666667	27.775	16.85333333
Myrmoderus_ferrugineus	63.566	44.73	59.18	53.392	9.424	12.256	4.244	4.422	26.292	14.778
Myrmoderus_loricatus	59.798	40.244	54.714	65.704	9.548	9.096	3.672	3.5	24.73	15.932
Myrmoderus_ruficauda	66.5225	47.525	60.2275	49.825	9.6975	10.8525	3.955	4.4825	23.9825	16.0975
Myrmoderus_squamosus	58.5	39.684	54.426	63.202	9.69	8.75	3.63	3.464	26.968	16.642
Myrmophylax_atrothorax	55.145	36.1025	51.43	51.5925	11.075	9.625	3.95	3.8925	24.6025	14.2975
Myrmorchilus_strigilatus	63.2575	47.8575	59.94	59.9725	10.69	10.76	3.5975	4.105	31.7525	14.405
Myrmornis_torquata	89.81142857	72.84333333	82.64142857	34.91571429	9.72	15.12571429	4.745714286	5.204285714	24.61	19.74428571
Myrmotherula_ambigua	40.89666667	28.85333333	38.70666667	21.91666667	4.62	9.116666667	3.296666667	2.976666667	15.61666667	9.64
Myrmotherula_assimilis	51.6625	36.8075	47.2925	29.905	6.0825	9.56	3.6675	3.2925	16.45	10.4
Myrmotherula_axillaris	51.455	36.09333333	46.36	35.73583333	6.370833333	9.153333333	3.47	3.309166667	15.66833333	9.799166667
Myrmotherula_behni	53.32833333	35.515	47.335	29.42166667	6.043333333	8.041666667	3.125	3.196666667	16.16666667	10.04
Myrmotherula_brachyura	43.1475	30.79	39.8675	18.705	4.45	8.51	3.1125	3.035	16.205	9.0375
Myrmotherula_cherriei	50.0325	34.765	45.97333333	29.1925	6.303333333	9.42	3.183333333	3.1675	16.4975	9.665
Myrmotherula_fluminensis	49.52	34.33	45.65	42.64	6.99	9.72	2.9	3.33	17.18	12.21
Myrmotherula_grisea	52.5625	35.1825	47.9525	33.64	6.5125	7.985	3.2075	3.115	16.1875	10.8475
Myrmotherula_ignota	41.38375	28.78375	38.16	16.4125	4.105	7.80375	2.985	2.705	15.72375	9.4525
Myrmotherula_iheringi	48.886	33.892	43.424	25.851	5.066	8.168	3.515	3.291	15.166	10.623
Myrmotherula_klagesi	46.085	31.585	43.16	26.21	4.44	9.2125	3.5725	3.045	16.3625	9.9225
Myrmotherula_longicauda	48.40625	32.59714286	44.2	34.4975	5.09	8.83625	3.55	3.0325	18.13	10.725
Myrmotherula_longipennis	58.315	42.3525	50.3775	31.7975	6.3825	9.665	3.85	3.4	15.385	9.225
Myrmotherula_menetriesii	52.018	36.818	46.438	27.95	6.292	9.872	3.632	3.534	16.268	10.178
Myrmotherula_minor	47.5725	31.735	43.66	28.9525	5.1475	7.72	3.1625	3.195	15.675	9.4425
Myrmotherula_multostriata	48.05	32.67	43.3825	22.57	4.4825	8.9575	3.2875	3.0025	15.97	10.12
Myrmotherula_pacifica	50.248	35.358	46.448	28.038	5.198	9.898	3.812	3.216	17.956	11.01
Myrmotherula_schisticolor	55.43833333	37.625	50.05833333	36.74333333	7.575	8.371666667	3.366666667	3.506666667	15.92	11.16666667
Myrmotherula_sclateri	43.34	30.6475	40.6125	20.6725	3.8375	9.3075	3.405	3.175	17.2775	9.8075
Myrmotherula_snowi	49.88333333	34.9	45.11666667	30.415	5.13	8.891666667	4.366666667	4.2	15.83333333	10.01666667
Myrmotherula_sunensis	51.81375	35.0475	46.13	25.44	5.36625	8.065	3.42375	3.41125	15.02428571	10.11
Myrmotherula_surinamensis	48.805	32.755	44.27	22.875	4.8525	9.1325	3.6125	3.0675	16.6075	10.5875
Myrmotherula_unicolor	47.96	32.318	44.67666667	34.78333333	5.901666667	7.866666667	2.986666667	3.162	15.81833333	9.6
Myrmotherula_urosticta	50.015	35.3875	43.6175	28.6275	5.0325	9.3475	3.415	3.215	14.865	8.78
Neoctantes_niger	72.9725	49.9775	71.2025	54.7	13.5825	12.925	4.575	6.965	23.01	17.1025
Oneillornis_lunulatus	71.445	50.2225	64.155	43.08	9.965	11.9025	4.7925	4.785	25.5375	16.6125
Oneillornis_salvini	71.01	50.61	65.1575	44.51	9.7875	12.4425	4.935	4.5275	25.4075	16.995
Percnostola_arenarum	65.81666667	45.49666667	60.29833333	48.63666667	10.425	11.45666667	4.79	4.851666667	27.78333333	17.80833333
Percnostola_rufifrons	70.25636364	47.066	63.34363636	54.39454545	10.80727273	12.25	5.036363636	5.304545455	28.52727273	17.88090909
Phaenostictus_mcleannani	88.155	62.25	79.2475	84.4875	14.79	13.8025	5.3	6.75	32.635	19.85
Phlegopsis_borbae	85.478	63.338	79.008	54.242	16.156	12.056	4.85	6.482	31.368	19.866
Phlegopsis_erythroptera	91.6875	65.9675	85.4175	64.8075	15.635	12.4325	4.96	5.9225	33.92	20.705
Phlegopsis_nigromaculata	86.54	62.19	79.865	55.0775	11.8325	11.4025	4.6925	5.76	31.4325	20.455
Pithys_albifrons	68.7225	50.675	59.535	37.4925	8.9675	11.255	4.55	4.5525	21.82	14.0625
Pithys_castaneus	79.1675	59.24	68.32	53.9825	11.28	11.94	4.9075	5.005	24.9475	16.8275
Poliocrania_exsul	64.2275	45.38428571	59.4125	43.90625	10.28375	11.94625	4.8625	4.77375	28.2375	16.73125
Pygiptila_stellaris	76.0825	62.72	67.5425	39.8075	8.65	13.735	6.2325	6.7025	20.5	13.39
Pyriglena_atra	73.33	50.82	68.71	75.07	15.48	11.235	4.72	4.74	28.195	17.27
Pyriglena_leuconota	75.4225	51.75	70.1975	71.1725	15.9875	11.21	4.495	4.866666667	32.2525	18.1825
Pyriglena_leucoptera	77.595	50.075	70.7725	75.7625	17.0675	10.37	4.31	4.655	30.745	18.8775
Rhegmatorhina_berlepschi	76.9375	55.11	70.5825	49.8125	12.0425	12.345	4.885	5.055	27.945	17.415
Rhegmatorhina_cristata	78.88	55.6	73.135	54.945	10.98	12.465	4.85	5.14	27.76	17.49
Rhegmatorhina_gymnops	75.342	54.122	68.75	49.062	10.054	12.272	4.898	4.972	26.458	16.904
Rhegmatorhina_hoffmannsi	76.81	54.804	67.394	52.648	9.762	12.12	4.682	4.994	28.046	17.16
Rhegmatorhina_melanosticta	75.6	55.56	68.7	49.31	10.64	12.2325	4.68	5.035	27.0975	17.46
Rhopias_gularis	52.4725	35.3975	48.455	27.17	6.48	7.9275	3.015	3.1075	19.9825	13.775
Rhopornis_ardesiacus	71.56	48.86333333	60.51	87.77333333	13.16666667	11.74666667	4.19	4.616666667	31.47333333	17.32
Sakesphorus_canadensis	70.09	50.39428571	66.54571429	61.14857143	9.184285714	12.67428571	6.117142857	6.648571429	25.04571429	14.90142857
Sakesphorus_cristatus	65.82666667	44.39833333	62.08666667	53.47666667	8.421666667	10.306	4.101666667	5.213333333	26.225	13.52333333
Sakesphorus_luctuosus	77.99	55.2775	72.4175	66.3125	11.5775	13.535	6.44	6.8825	25.62	15.2925
Sciaphylax_castanea	55.45	38.535	52.2225	38.165	7.69	9.3125	3.9225	3.7825	24.34	14.79
Sciaphylax_hemimelaena	52.8325	35.87	50.145	34.245	6.4275	9.2575	4.02	3.675	22.7525	14.1975
Sclateria_naevia	67.86	44.98	62.985	49.8075	11.0075	14.9275	4.205	4.3575	25.255	16.035
Sipia_berlepschi	63.6125	43.65	58.425	42.43	8.51	12.5825	5.0425	5.4375	25.9	16.1
Sipia_laemosticta	61.69333333	41.58666667	57.34	44.54	8.75	11.21	4.34	4.38	26.61666667	15.47
Sipia_nigricauda	61.03	43.32	59.01	43.5	9.33	12.15	4.72	5.12	27.8	14.93
Sipia_palliata	65.27	42.34	59.082	45.512	10.592	11.432	4.892	4.63	26.672	15.776
Stymphalornis_acutirostris	49.555	33.29666667	47.349	60.449	12.094	9.678	3.261	3.06125	21.084	13.309
Taraba_major	90.6875	64.34	85.6675	83.1325	15.3575	16.09	6.51	9.77	35.0675	19.7475
Terenura_maculata	41.9175	29.455	38.6275	38.67	5.71	8.35	2.7175	2.615	15.75	9.1
Terenura_sicki	41.2875	29.75	37.5125	38.025	5.6625	8	3.525	2.725	15.3125	9.725
Thamnistes_anabatinus	69.904	55.702	60.058	60.172	8.869	12.426	6.171	6.231	20.208	12.614
Thamnomanes_ardesiacus	70.1325	48.8	60.1725	49.15	8.6825	10.935	5.07	4.8475	18.365	11.54
Thamnomanes_caesius	68.47	45.095	60.6175	60.03	10.865	10.9325	5.835	4.7625	16.6675	12.2025
Thamnomanes_saturninus	73.3175	53.0425	62.305	51.835	10.3075	11.64	5.7575	5.25	19.2575	13.45
Thamnomanes_schistogynus	70.7925	45.6575	64.6325	63.1825	12.0825	10.1475	5.2725	4.715	17.13	12.58
Thamnophilus_aethiops	71.514	50.348	67.704	58.07	11.888	11.398	5.454	6.586	22.342	15.074
Thamnophilus_amazonicus	68.53	49.735	64.4275	59.665	11.2275	11.2625	5.4175	5.75	20.7975	13.745
Thamnophilus_ambiguus	68.5625	48.2875	62.8325	57.815	9.6475	10.74	5.02	6.2025	23.5425	14.265
Thamnophilus_aroyae	64.5825	43.5875	60.2875	54.955	10.2975	9.99	5.075	5.65	22.6075	14.115
Thamnophilus_atrinucha	66	45.6025	60.4875	52.5325	11.4775	12.795	5.375	5.8725	20.6925	13.5725
Thamnophilus_bernardi	78.84125	57.38375	71.51625	63.80125	12.76142857	13.83625	5.45875	7.5	28.78875	16.19625
Thamnophilus_bridgesi	72.2425	50.685	67.29	69.6525	12.7025	13.625	6.3525	6.77	23.035	14.45
Thamnophilus_caerulescens	70.025	49.005	65.4225	65.76	10.835	9.7625	4.8	5.74	23.6475	14.715
Thamnophilus_cryptoleucus	76.6525	54.0025	72.3425	61.0525	12.9825	13.5475	5.94	6.8025	25.4075	17.9275
Thamnophilus_divisorius	73.6725	51.9875	66.955	64.2425	11.315	11.9425	4.925	5.57	21.3625	13.8825
Thamnophilus_doliatus	73.095	52.24833333	67.685	64.25166667	11.03833333	11.995	5.486666667	6.288333333	27.73666667	16.06166667
Thamnophilus_insignis	69.9975	43.27	65.6	66.52	10.89	11.04	5.2	5.9	23.135	14.1625
Thamnophilus_melanonotus	76.93	56.7	70.355	63.1625	10.6375	12.455	5.435	6.69	25.25	14.41
Thamnophilus_melanothorax	76.302	53.766	71.306	68.226	13.372	12.85	5.898	7.2525	25.002	15.744
Thamnophilus_multistriatus	70.96166667	51.225	67.065	66.56166667	10.17166667	11.78166667	5.626666667	5.913333333	24.69166667	14.76333333
Thamnophilus_murinus	61.415	42.5025	55.4125	51.205	8.7675	11.92	5.085	5.5675	19.075	11.875
Thamnophilus_nigriceps	73.364	54.22	66.846	58.932	12.442	11.378	5.258	5.988	23.658	15.42
Thamnophilus_nigrocinereus	77.3825	53.8925	70.35	57.9625	11.92	13.045	5.715	6.98	24.375	15.0725
Thamnophilus_palliatus	69.738	47.834	66.29	65.048	10.59	10.938	5.642	5.656	23.588	13.908
Thamnophilus_pelzelni	66.1975	47.3775	61.8325	54.715	9.09	9.8775	4.375	6.0575	23.39	12.8375
Thamnophilus_praecox	75.25	34	55	65	11.375	11.4225	5.2975	6.2975	24.4125	14.815
Thamnophilus_punctatus	66.9425	45.625	62.315	54.5875	9.3075	10.8175	5.235	5.9175	21.4425	13.095
Thamnophilus_ruficapillus	65.09875	607.6375	61.33375	66.305	9.92	10.21875	4.33375	5.4075	26.98	15.78125
Thamnophilus_schistaceus	63.012	44.388	58.288	52.516	9.342	11.824	5.252	6.062	20.404	13.212
Thamnophilus_stictocephalus	68.9175	50.1575	61.9025	60.02	9.2575	11.5175	5.475	6	21.7425	13.8
Thamnophilus_sticturus	66.3025	46.92	59.7025	57.4025	9.3625	9.3325	4.3775	5.3225	23.1675	13.3575
Thamnophilus_tenuepunctatus	68.59833333	48.73833333	64.67666667	62.925	10.17666667	11.595	5.888333333	5.806666667	24.13166667	14.515
Thamnophilus_torquatus	58.995	41.4375	54.9775	57.66	8.18	10.42	4.1425	4.9725	24.345	13.805
Thamnophilus_unicolor	69.1875	47.005	65.55	65.3125	11.465	10.29	5.12	5.89	23.2125	14.785
Thamnophilus_zarumae	67.37	45.625	62.205	63.3275	8.87	10.08666667	5.2425	5.5475	25.68666667	13.2025
Willisornis_poecilinotus	65.965	45.26333333	57.60833333	41.745	8.958333333	11.11666667	4.566666667	4.505	23.12166667	16.29666667
Willisornis_vidua	65.14375	46.40375	57.3475	41.08	8.92375	11.14875	4.74125	4.54	23.1875	16.63
Xenornis_setifrons	71.0825	48.0075	63.945	65.56	14.0225	11.91	5.145	6.0525	22.7525	15.0775