AOS.Howard.Moore.Name	f.back.B2	f.bell.B2	f.brea.B2	f.crow.B2	f.rump.B2	f.tail.B2	f.thro.B2	f.back.S1R	f.bell.S1R	f.brea.S1R	f.crow.S1R	f.rump.S1R	f.tail.S1R	f.thro.S1R	m.back.B2	m.bell.B2	m.brea.B2	m.crow.B2	m.rump.B2	m.tail.B2	m.thro.B2	m.back.S1R	m.bell.S1R	m.brea.S1R	m.crow.S1R	m.rump.S1R	m.tail.S1R	m.thro.S1R
Akletos_goeldii	5.630182	22.289525	24.361256	5.338957	6.066856	6.739232	34.513972	0.5200189	0.4903616	0.4530692	0.3708812	0.5006557	0.3720361	0.3363707	2.811577	2.932756	0.2622566	0.2944808	0.2830484	0.3035259	0.2635165	5.098722	2.695737	3.151699	1.889696	2.277805	0.2847704	0.278555
Akletos_melanoceps	7.100502825	20.52275149	22.33260519	2.600549927	7.090078305	8.903751764	3.311457546	0.546272049	0.496630938	0.471988639	0.301806625	0.556011573	0.419596901	0.300525835	3.546934568	3.684847411	0.266226581	0.261509426	0.266183925	0.299168488	0.263459789	6.244306525	2.416029633	3.366474463	3.000986541	3.176937399	0.265741439	0.269095109
Ammonastes_pelzelni	8.56004659	8.504576855	33.76848813	3.905259759	6.227608836	6.757160968	35.76367576	0.345021026	0.376670236	0.264561424	0.355132145	0.395946576	0.389641301	0.27097827	4.89785256	8.810372316	0.368770131	0.516598364	0.261757258	0.311169566	0.446772874	5.16165745	3.698943777	3.180293473	2.531130918	1.455093041	0.32620298	0.25688901
Ampelornis_griseiceps	8.826333145	21.03290678	10.28829334	8.823891132	8.364107757	8.883968593	17.17811596	0.360970153	0.36608853	0.275848676	0.270619238	0.404649062	0.29624255	0.26843248	7.519662113	18.985171	0.289839107	0.35379741	0.265721504	0.307268932	0.363913207	8.744425391	9.627999452	3.717232081	6.440561673	8.310925024	0.278990609	0.272957401
Batara_cinerea	7.719559221	14.75685436	18.31464992	5.669981022	14.40083279	10.63296725	29.75074861	0.370467484	0.395055246	0.393283598	0.442197886	0.368317208	0.442387319	0.347247361	5.996706918	18.25282102	0.27165672	0.270513977	0.285774281	0.272273206	0.261672586	7.315837326	7.85176467	21.6010034	2.797323349	27.57559971	0.271611644	0.280661358
Biatas_nigropectus	6.770511656	16.03640085	16.80940376	4.880710892	7.828776949	9.716301389	33.18123158	0.401538314	0.380646878	0.404514671	0.486453691	0.389376627	0.500626058	0.292014818	6.368396513	13.99698855	0.491041662	0.415023169	0.380559082	0.402945297	0.42999725	9.78867879	8.904865838	11.97267916	2.775487082	4.068429733	0.262410849	0.285941854
Cercomacra_brasiliana	7.27352848	15.10911459	16.73941541	6.694271918	6.75259978	8.376314727	17.27134054	0.355561636	0.483983353	0.512158782	0.398712534	0.388997041	0.371989063	0.366445426	6.808894157	10.77546991	0.268787136	0.256430003	0.270163416	0.271342922	0.264402329	6.296569728	8.395248257	10.31183405	6.486428184	12.72549639	0.277831137	0.26896722
Cercomacra_carbonaria	8.358388232	10.93926901	11.12879133	5.647993212	9.100833021	8.911523781	15.71963048	0.28068586	0.329570065	0.308296572	0.303982229	0.262098063	0.26706626	0.274531373	6.654252174	4.025129974	0.268349905	0.266762789	0.290138779	0.284723184	0.284661283	6.624474934	6.452269071	2.624586602	4.707812602	2.882540246	0.269037782	0.285537377
Cercomacra_cinerascens	7.141757776	11.79777453	11.44378705	5.813007621	8.021261425	7.773889427	13.82589524	0.348544162	0.416052835	0.419087131	0.39845922	0.30891671	0.286801309	0.407035879	6.319344037	9.317131896	0.270127305	0.260138431	0.259373813	0.268239896	0.255081125	6.578255004	8.326172703	10.40908626	5.263879953	8.75245008	0.267000832	0.262245945
Cercomacra_ferdinandi	6.70038633	8.512300025	7.677438325	5.179823467	8.257097593	5.527707545	12.74300688	0.272647345	0.277372329	0.281581015	0.285917319	0.266553261	0.267687147	0.286282382	3.158463362	3.300617967	0.244640131	0.253828327	0.253863558	0.257148705	0.247796631	5.051903912	4.302097896	2.462936627	2.725010203	3.210865376	0.257118261	0.261902402
Cercomacra_manu	6.598672415	17.42628594	12.72445061	6.824590206	6.165840499	8.530542698	11.79203535	0.373843503	0.27663689	0.287552565	0.394647085	0.3771808	0.286610669	0.290312183	4.678172677	3.108867895	0.272535206	0.28557205	0.295392341	0.293219441	0.276718546	5.70396167	4.838102087	2.866152012	4.331693928	4.289271767	0.302492074	0.30311643
Cercomacra_melanaria	8.678314365	33.31207502	22.99564545	6.475542822	8.444769904	7.309757044	28.42529892	0.270295733	0.279939506	0.277127615	0.293545746	0.262701369	0.25384499	0.267574365	3.894995564	4.195521898	0.233738176	0.249383286	0.257127701	0.259442882	0.246362209	6.798873052	3.670722896	3.058193326	3.331843073	3.390501813	0.258657076	0.26105091
Cercomacra_nigricans	4.271641852	2.407544943	2.680740014	3.148803845	6.09558582	5.582318546	4.069375901	0.327505609	0.314526801	0.285784294	0.330854074	0.309715355	0.281102854	0.290581019	5.140449826	2.749125643	0.269143211	0.271781253	0.284672688	0.288443666	0.268404658	6.169807323	5.211210839	3.32277661	3.066152392	3.073870971	0.27275482	0.278600312
Cercomacroides_laeta	4.639566854	18.03726641	13.52391272	4.442447905	6.314667482	7.50141407	25.31324301	0.406375005	0.531363039	0.536895337	0.372546655	0.37082227	0.413042387	0.450542155	5.002022492	9.343875499	0.308817824	0.281956899	0.26562405	0.286498696	0.27637661	6.130688471	5.438362237	7.679147528	4.144845612	9.620822872	0.279633465	0.27359438
Cercomacroides_nigrescens	7.571795044	13.60598762	13.39371547	7.874160753	7.218079294	8.121673639	17.51487503	0.361404016	0.533027133	0.555856179	0.48152928	0.351761198	0.348828443	0.509699791	5.548586184	8.571573076	0.288946728	0.282553216	0.281616542	0.288742365	0.277460949	6.419980793	6.0207361	7.608653321	5.358203948	8.34736177	0.280703801	0.282687983
Cercomacroides_parkeri	8.0304757	16.72624121	13.19749265	5.996889718	6.594665405	8.752592894	17.23671742	0.322494313	0.537375491	0.548558166	0.314162019	0.350347233	0.385211397	0.520078203	6.278199757	14.50580039	0.308064276	0.274396969	0.278813071	0.286212943	0.275149945	7.47860532	8.392777488	18.24010696	5.980356723	13.86836418	0.284234023	0.28081665
Cercomacroides_serva	6.349490068	11.60662537	11.57367139	6.891974007	6.361380653	7.512556807	14.87968321	0.325485965	0.557606082	0.528453037	0.330207538	0.32858569	0.337194766	0.533223122	4.818066522	5.775720189	0.269396098	0.273138791	0.277001716	0.284015622	0.271953832	6.665021561	5.53374695	4.089924702	3.966268923	4.070397262	0.274921836	0.273426461
Cercomacroides_tyrannina	7.420482079	19.45586765	15.71608394	7.129654464	7.983048385	8.008881311	21.69774633	0.335439347	0.505469455	0.54556944	0.352658453	0.351301763	0.369607952	0.478441872	6.184881197	13.05450664	0.296651399	0.276462585	0.274445042	0.286159069	0.274519423	6.69513726	6.810114975	10.5797463	5.441525691	12.09568844	0.283590986	0.277822189
Clytoctantes_atrogularis	4.00130297	4.840614593	5.600153376	4.042546134	3.892916012	6.044335845	1.954806407	0.490515954	0.475972386	0.542379638	0.493395298	0.383871772	0.258961643	0.270704322	4.897112197	4.962927839	0.247396085	0.24658983	0.241756879	0.247469992	0.257855898	6.111951906	4.34112003	3.416665137	3.360012613	2.996495147	0.261626938	0.247907339
Cymbilaimus_lineatus	8.763525047	22.40345626	19.25211956	6.100251301	7.782212531	8.203460387	21.86730102	0.351591463	0.36882897	0.363009159	0.534357233	0.326950441	0.366112551	0.325204051	6.999896803	18.19248666	0.247745918	0.246491499	0.254340925	0.259594	0.248900646	7.963625519	6.136522521	17.95353106	3.07379398	18.09992471	0.242820678	0.26541154
Cymbilaimus_sanctaemariae	9.152157895	20.80943464	19.84015392	3.216257659	11.85884801	7.832554479	28.97054877	0.355363183	0.393886573	0.462660094	0.291448937	0.317693013	0.296766956	0.363181704	6.061687614	12.34364516	0.272068746	0.277360862	0.277599502	0.293795027	0.270547357	6.783752343	6.60515274	11.67783891	2.799511117	14.09944025	0.267987767	0.288811667
Dichrozona_cincta	9.355754721	73.76984147	47.0709101	6.668912893	5.719225615	6.419635155	56.1501117	0.407562653	0.292765253	0.310310575	0.452104908	0.286955993	0.325169591	0.302048415	6.441924119	71.3839964	0.29639227	0.27016326	0.279497273	0.279583523	0.435481168	9.976426971	3.825263051	43.78021147	7.103473861	58.65084118	0.411104747	0.289078288
Drymophila_caudata	10.29124755	35.72381856	28.45839945	7.921688597	9.713420035	9.085219635	30.1504047	0.296968633	0.359103473	0.365722799	0.442487626	0.444190849	0.352023252	0.31695909	8.524366476	32.50102416	0.281361227	0.591331785	0.283303959	0.366253173	0.268478204	7.876733619	7.710541323	19.98047821	6.920300161	27.93593506	0.252418909	0.27363655
Drymophila_devillei	11.594409	55.24132497	42.11265478	8.742021435	20.34167354	12.08127442	53.92841949	0.316793689	0.301365257	0.325220761	0.354310994	0.513981366	0.311951677	0.311232714	7.124018785	56.09615369	0.256183222	0.554895258	0.297059301	0.301206432	0.271519473	7.654779412	14.49762233	41.34846177	6.580850721	42.81276565	0.276364188	0.301803657
Drymophila_ferruginea	7.522842613	14.43158409	14.14726877	4.319530625	8.284104826	5.594376364	18.33378127	0.385446171	0.470730154	0.502304893	0.283503232	0.537592919	0.30190725	0.388831002	6.078330654	10.89287049	0.278644084	0.540437829	0.586248802	0.48387959	0.332351606	4.479472694	7.575469558	9.106298438	2.630659788	11.50353996	0.282464048	0.520446043
Drymophila_genei	10.34023319	22.72260605	17.83376945	9.273397325	9.953551143	11.12789122	19.74825563	0.329076138	0.387673378	0.383659044	0.409513431	0.453938846	0.48361442	0.361494911	6.59568787	14.1548414	0.476101498	0.480109626	0.276732347	0.372710298	0.280159623	7.272140723	7.712643633	10.46360809	3.799877004	10.68445219	0.273987119	0.294641892
Drymophila_klagesi	9.892598698	27.0220888	26.56322155	7.30520898	12.26578633	10.6739968	30.43532048	0.348346911	0.405317498	0.305896977	0.446925828	0.398250084	0.370726065	0.309183709	7.324314794	37.92661297	0.308748613	0.578465218	0.310132164	0.328096769	0.292500542	9.202385506	10.51630002	27.22100829	6.955455016	32.3937176	0.28178789	0.29573076
Drymophila_malura	8.133224136	15.76479294	17.98479361	7.322330155	7.367738617	7.635952105	17.59307988	0.346383529	0.381505517	0.362689458	0.358892832	0.379365917	0.40115009	0.317415417	7.29312665	12.56209397	0.313724771	0.331152457	0.278470533	0.304740589	0.29067329	6.419203123	5.908601902	14.47610831	5.125422557	15.6353548	0.293989384	0.262561651
Drymophila_ochropyga	6.906710732	24.96296754	20.37333015	6.37903411	8.86709096	7.520667246	23.36173389	0.340145755	0.386767617	0.328123445	0.329989661	0.488788363	0.308848753	0.268803607	6.088391656	15.74127319	0.273479484	0.524006627	0.288966696	0.428701069	0.275605774	5.512875422	8.708535987	12.41292849	3.072616218	14.9420253	0.287686394	0.283194219
Drymophila_rubricollis	8.387617253	12.12190591	17.05544516	7.113897695	7.879250319	6.209430622	19.66908956	0.325018489	0.422612595	0.50285063	0.410150363	0.538563255	0.296685905	0.363907111	7.712544804	13.01281966	0.298592613	0.543645245	0.50157758	0.392774029	0.315065379	7.305790858	7.41275539	14.47732846	3.166152678	14.93926574	0.268247556	0.444756589
Drymophila_squamata	9.598637349	18.80402344	20.51917232	5.24990602	9.706261464	7.85223326	17.91495422	0.320105146	0.321332377	0.278473001	0.335628229	0.360089005	0.346378083	0.267119636	6.73928441	19.15945039	0.275562331	0.252151248	0.258566767	0.271700112	0.251301912	11.47630871	6.637222426	17.49273973	3.228685015	22.94717741	0.250470197	0.258206089
Drymophila_striaticeps	8.47909608	29.73741041	25.63431702	7.416529466	8.384993953	8.451058809	32.36419523	0.3332608	0.404019051	0.373936176	0.487825197	0.57170421	0.35366039	0.332881552	8.079280346	34.31880711	0.315580259	0.577497445	0.292074689	0.355803868	0.296709624	7.939129327	9.933717462	23.44104677	6.022626159	30.82779517	0.280945399	0.285246929
Dysithamnus_leucostictus	6.75122521	22.65783453	21.35480769	7.742911352	7.709428886	7.675644269	25.17130955	0.405807743	0.273642366	0.25917699	0.471428809	0.359687042	0.347214119	0.244302255	6.336926359	12.59088557	0.275051948	0.26557711	0.247827444	0.264482882	0.256035518	6.661944359	5.957447152	8.738973653	5.206251221	8.168190783	0.298952456	0.262411284
Dysithamnus_mentalis	9.297979127	43.4909413	32.31825349	8.088191075	10.5246597	9.564674085	32.84321424	0.331750204	0.33788866	0.334400203	0.45181339	0.321289418	0.358969628	0.28966586	8.849036555	39.48285434	0.305378393	0.278506453	0.287725937	0.31284745	0.276353513	8.67312928	10.03654431	27.77041683	6.402528561	29.44377581	0.270338805	0.275992013
Dysithamnus_occidentalis	4.68038493	8.425171542	6.773096421	4.573601143	4.355610472	5.481203601	7.7338213	0.370056627	0.320874043	0.244565775	0.476243491	0.37483471	0.318347738	0.251667387	7.577502427	7.394480193	0.275846741	0.253314744	0.253462279	0.25829916	0.253430413	4.939525132	5.7888894	5.965526409	4.363394052	7.905779077	0.239431809	0.266272938
Dysithamnus_plumbeus	6.352596005	11.57625756	9.328273297	5.363790393	6.226837126	6.988953063	13.22499452	0.331287062	0.363043668	0.340371749	0.366571732	0.35143817	0.351331845	0.30296784	6.129078045	7.811721309	0.29027274	0.263177748	0.268690356	0.278335678	0.260762526	6.921469326	7.217286539	4.744355223	5.191218614	5.983501554	0.267631935	0.275821672
Dysithamnus_puncticeps	9.585913582	40.89107891	38.16560293	9.717471496	12.13671392	8.485414868	31.42013779	0.290235813	0.342224433	0.338595736	0.352248526	0.264332	0.338388803	0.287212547	7.670033947	38.34592596	0.308859838	0.265074037	0.272169388	0.325513945	0.242542619	5.817868762	7.253687965	21.80852536	6.423716595	19.38430047	0.232421088	0.279615879
Dysithamnus_stictothorax	8.456536089	41.68077431	21.13606199	9.234027673	11.36211056	7.409028894	34.51151611	0.303250043	0.34491188	0.392500869	0.52915264	0.29266599	0.340406506	0.305298498	8.871308021	40.93381839	0.279436939	0.244123087	0.272806601	0.332376559	0.251341256	7.523849155	9.832016204	30.46694721	7.735467464	35.22860404	0.220477012	0.290197923
Dysithamnus_striaticeps	5.468407414	34.75792312	18.50035901	5.465718091	6.622881139	5.800917308	20.85600044	0.321425444	0.385303378	0.35776701	0.47867601	0.331327769	0.38991043	0.27494828	7.01500762	59.77399724	0.334441216	0.289835635	0.287095745	0.324305587	0.260040441	7.830230411	7.758684332	20.00675175	4.657730655	27.24167957	0.256621285	0.256491359
Dysithamnus_xanthopterus	7.803555859	28.34309857	26.07099411	6.28117739	7.561134071	8.17498363	29.4887648	0.387607746	0.356102857	0.344940818	0.498724212	0.368509344	0.366290528	0.294152163	8.187316718	40.84505786	0.423737759	0.412898323	0.288511661	0.292332427	0.517991062	9.027620606	8.343085268	29.27059687	6.51275347	38.6100676	0.269045153	0.265151408
Epinecrophylla_amazonica	8.552863453	17.01469286	16.63615773	4.908963063	6.179432563	6.825857489	21.01976854	0.369787583	0.399286076	0.317554703	0.375433269	0.493684266	0.374012719	0.395571041	7.999972514	14.32851798	0.365792473	0.442598869	0.263882702	0.370339592	0.529944606	6.932635461	7.642602861	19.12036199	7.235115708	10.90684943	0.361000699	0.243498085
Epinecrophylla_erythrura	8.760899883	17.77666161	18.16053492	6.573667623	7.414318558	9.614909288	20.43495812	0.399972476	0.400015669	0.38526736	0.366574572	0.473167204	0.46495133	0.471075936	7.857713007	14.46252304	0.43452634	0.48436883	0.266086309	0.364526693	0.389562098	9.388520763	7.011891228	14.42051359	6.170884495	15.88436914	0.347258994	0.278254818
Epinecrophylla_fulviventris	10.05222751	18.64627592	21.51601616	9.301810802	8.437374376	8.833468207	26.43227463	0.298147726	0.393233216	0.374794413	0.309590527	0.333645192	0.364217419	0.342666975	8.406281667	19.23752948	0.378107508	0.337643375	0.335966566	0.389534079	0.312989959	7.576277947	8.559140631	21.28391673	8.673551679	14.76174274	0.314714465	0.254346844
Epinecrophylla_gutturalis	8.684404841	14.07124794	22.26390476	10.34051745	8.100001821	7.666825653	28.41760471	0.356671774	0.380531525	0.385068858	0.352541081	0.355802813	0.365108333	0.35971806	5.899094603	12.09929495	0.379938423	0.373139423	0.299463515	0.386912588	0.376636692	7.125405479	6.826618504	14.87098928	6.926117736	13.67729894	0.366662886	0.258514108
Epinecrophylla_haematonota	8.460923568	13.86269625	17.59223056	6.672058913	8.235301605	8.035567125	20.82771066	0.399626433	0.411953583	0.381042946	0.385982844	0.443953693	0.353191938	0.332127204	6.949148595	14.93782298	0.341751261	0.488627141	0.271407606	0.294062564	0.496199905	7.253429553	7.018778806	13.73990764	6.899662533	7.033806731	0.332049181	0.267257615
Epinecrophylla_leucophthalma	9.930573529	18.91480494	19.4043917	8.591420967	9.519210439	9.64957202	25.81889064	0.356064941	0.402455542	0.397155708	0.383613787	0.377569486	0.405997184	0.392664669	8.522216825	19.55499704	0.431461826	0.382549407	0.294250677	0.354576003	0.358987487	9.477312627	8.507863723	21.58647109	8.104080402	13.90045856	0.36078655	0.279981997
Epinecrophylla_ornata	8.075979845	15.0930434	15.67933508	6.929189377	10.26097648	8.143898076	11.07910261	0.358425518	0.410970948	0.412088485	0.353518035	0.350349853	0.314045641	0.269981803	8.709874806	14.79888072	0.303038227	0.315803398	0.268699077	0.289304486	0.336524092	8.226876954	9.0768662	13.94244066	6.727230168	3.391145105	0.281784264	0.271571356
Epinecrophylla_spodionota	6.343596883	11.5299744	14.23520909	6.069051567	6.429279419	7.926642299	18.63461116	0.355018262	0.453511511	0.404361471	0.392110048	0.395394597	0.381276642	0.420952277	6.290777455	12.54040971	0.369272944	0.360697086	0.275948095	0.318032796	0.30877892	6.61314544	6.395220386	11.80802555	5.89401733	7.257441062	0.346422508	0.272377482
Euchrepomis_callinota	11.0067788	39.56881527	34.65875027	7.88449126	12.94240359	11.6457404	33.34169386	0.31188428	0.344140612	0.291588732	0.334874668	0.563815572	0.335401002	0.279240367	10.05218279	31.04101567	0.327093106	0.57511143	0.290910516	0.332138913	0.30212893	11.23503873	10.86381137	28.72729123	3.088794335	28.90337454	0.280422729	0.2768312
Euchrepomis_humeralis	17.06000401	34.70152018	35.48824543	8.710441659	11.28800761	12.49094483	35.29437568	0.28825448	0.319797853	0.317368663	0.396275187	0.597579364	0.345337725	0.300421709	11.8825898	28.54731115	0.335391181	0.59134658	0.317269772	0.333280649	0.303334893	9.940516595	10.13415336	24.10102416	2.892547079	25.50181568	0.27209531	0.29591659
Euchrepomis_sharpei	12.94336505	39.07321341	31.01722099	8.865281579	18.57257012	13.47312695	26.23991892	0.333039547	0.312903563	0.320644644	0.368309085	0.377278276	0.335020736	0.336113126	8.361466368	24.7526066	0.318515769	0.396251051	0.284551415	0.279162221	0.329264205	8.996441422	30.39478761	21.75235993	2.020458849	24.82033954	0.301994034	0.284996885
Euchrepomis_spodioptila	9.035440444	31.5026469	31.55557338	8.468456224	12.67975388	10.31292661	25.86736707	0.367809591	0.313947272	0.322450998	0.401634035	0.496597402	0.349776678	0.315786275	8.224592744	31.32547073	0.34226479	0.546909775	0.303931499	0.287177814	0.555103811	9.915834424	11.53080791	28.81253262	4.775804062	31.57876825	0.335076995	0.297358587
Formicivora_erythronotos	11.14462798	20.96872876	17.41735227	8.313306885	14.95762355	6.585433934	19.72699544	0.490020243	0.362367362	0.385653713	0.338637529	0.418480127	0.294755103	0.390627896	8.441433023	4.200895223	0.294625397	0.469366044	0.277206162	0.262457186	0.513560575	4.833647482	11.154407	2.800965311	4.81075051	3.830597047	0.25558724	0.284923916
Formicivora_grantsaui	5.946544142	18.01933505	14.65616699	5.746539816	8.768807228	5.071162709	13.59137098	0.358622581	0.268953953	0.269689855	0.326977535	0.353237442	0.292668747	0.265424775	7.065976686	4.067569552	0.248478831	0.342208042	0.28355192	0.299280337	0.307291066	5.204354081	7.564350423	3.612009233	6.923750204	2.891376961	0.304139734	0.289199048
Formicivora_grisea	10.27839678	37.73697797	22.75533827	7.214394202	10.72587538	5.519068081	30.83622266	0.35010687	0.363093322	0.385445308	0.343851283	0.346815409	0.258664483	0.321095264	10.99738461	5.385584006	0.248455772	0.311476909	0.27747396	0.27786068	0.30416534	5.785057813	11.29522141	3.31155825	6.433310064	3.27116793	0.325681225	0.286873571
Formicivora_littoralis	6.793910404	26.99294086	24.75317984	6.568611076	8.380965946	4.649862995	44.26356954	0.406414286	0.394112626	0.345775633	0.341630598	0.386589797	0.260656721	0.325846464	3.816245718	2.929407279	0.262374459	0.282959258	0.258435312	0.262422856	0.270201956	5.302394627	4.469134051	3.47929023	2.925207005	2.224053133	0.271958091	0.266604016
Formicivora_melanogaster	8.466075642	32.88924855	33.06275077	6.563293689	10.54797251	5.056048349	38.84011432	0.345949714	0.33567347	0.332123824	0.361805965	0.335526017	0.278225552	0.300165495	8.075376787	5.356108064	0.256804715	0.312829404	0.276438464	0.277732335	0.32628199	5.57730341	9.832021795	3.023964551	6.040920858	3.186516546	0.337975433	0.28500743
Formicivora_rufa	10.21276018	30.81886009	20.17385419	7.832284403	13.93365841	5.727931737	20.06106273	0.445573397	0.366013704	0.267559354	0.387995673	0.432098625	0.29904337	0.275687093	9.038733939	21.52055077	0.31954011	0.424420288	0.295173935	0.294702864	0.435246034	6.484154489	11.52606641	3.031433055	7.833658863	3.307697909	0.377755775	0.295529516
Frederickena_fulva	5.343248131	13.33495989	11.7361481	6.054282994	6.953356663	7.109322847	9.195840236	0.381003114	0.422680596	0.381725207	0.430152831	0.330667649	0.275145343	0.389274087	4.950982637	6.890332707	0.263836203	0.266513604	0.267588407	0.285894804	0.260290954	6.152509036	4.659186055	6.294283504	4.834732061	3.692753639	0.258903996	0.275018518
Frederickena_unduliger	4.914762067	12.46539641	11.61004499	5.355049388	4.842151088	7.160168444	11.31284405	0.379007649	0.47784703	0.437883443	0.457843629	0.363543331	0.304190593	0.403197197	3.325344043	8.291896319	0.284371132	0.282966185	0.288512406	0.293501897	0.28194675	5.87846762	4.773547412	5.401514623	3.353467865	3.637368761	0.285838463	0.291793946
Frederickena_viridis	5.693518147	24.97124108	14.69358809	6.068048708	6.27438396	7.682934463	14.71943327	0.437661667	0.288595401	0.28353808	0.522395705	0.457251496	0.299750242	0.288977058	6.493291177	10.36693676	0.258793459	0.250001638	0.255903763	0.268848084	0.245720739	6.996394155	6.794447633	7.537292892	3.394422429	3.360739685	0.251531637	0.2677089
Gymnocichla_nudiceps	5.088139862	10.90769204	11.56476826	4.482193254	6.755057089	7.484007266	9.825961409	0.344874478	0.561824063	0.534875769	0.474824758	0.334951772	0.297173615	0.597417912	2.89134281	2.799263933	0.263696752	0.298610215	0.291625522	0.325881534	0.277637685	5.354723062	2.858895927	2.511301367	NA	2.850336713	NA	0.279624697
Gymnopithys_bicolor	4.030782835	39.07833273	57.39753177	4.613640649	4.05656398	5.549403808	53.93180047	0.639997507	0.369383357	0.308769968	0.629039583	0.6377549	0.538771585	0.29238448	4.009817023	27.14759573	0.474814185	0.562078304	0.296008454	0.407884082	0.562891253	5.686655139	4.692811339	49.24319058	4.876751698	43.0312964	0.573203533	0.298298817
Gymnopithys_leucaspis	6.47203333	51.82576745	60.69494011	6.589550276	5.536436239	7.075194227	69.72830902	0.428340357	0.314473947	0.31591897	0.513525214	0.450136538	0.412710103	0.295970219	4.746217747	49.72328474	0.403616899	0.459555564	0.317649178	0.321071253	0.438034683	7.188345333	4.687032801	57.39720749	5.552506492	53.92619037	0.512447451	0.297581923
Gymnopithys_rufigula	7.242938683	19.07986343	16.91641699	5.354421999	7.7275897	7.655842216	20.11779417	0.385473476	0.425929462	0.522464898	0.44908707	0.380512777	0.416566862	0.512837778	6.704940954	11.35322195	0.414401053	0.394499038	0.492126719	0.439272876	0.396541435	6.791998195	7.013243945	12.6621607	4.32295848	15.2380834	0.459881666	0.580320738
Hafferia_fortis	5.704175079	20.83888413	16.65762541	4.513795282	5.053427491	6.977608646	14.96740275	0.344768415	0.293974531	0.2834002	0.547259837	0.407814733	0.353599813	0.295769517	3.805669151	4.978661216	0.279583888	0.276885536	0.28397982	0.293843897	0.282343047	6.039648277	4.981389869	3.933932899	2.293981531	2.874686211	0.249765452	0.268624388
Hafferia_zeledoni	5.834005375	5.779929076	6.859519909	4.242511711	5.038735293	7.515713192	8.149863007	0.386401018	0.435991802	0.392682197	0.412132999	0.401650378	0.273943096	0.383016769	3.344372981	4.559178637	0.2719296	0.304561832	0.292195586	0.301720401	0.301827211	6.74339272	3.115148227	3.501974329	3.990318879	3.677564341	0.293351396	0.29835841
Herpsilochmus_atricapillus	10.43350102	34.27786672	27.52235221	6.669164241	14.33567338	6.49843606	34.33614519	0.292638327	0.356942165	0.404902982	0.285295093	0.275119929	0.292903762	0.315053706	12.57808176	48.44148279	0.263147111	0.246629265	0.289356926	0.280315259	0.255899767	4.35520686	12.35180428	37.710151	4.008900069	38.53950334	0.258369632	0.278379276
Herpsilochmus_axillaris	11.22140372	46.79087748	37.1711305	8.807412097	11.3792108	8.637276173	43.08965901	0.270022776	0.340592944	0.323725493	0.36209611	0.266400863	0.26929224	0.314379815	10.80126457	47.55904767	0.26781537	0.263278966	0.324778414	0.330128516	0.270636184	8.122520768	14.92684931	37.71420902	5.716926003	37.08014021	0.280254344	0.318449855
Herpsilochmus_dorsimaculatus	9.457807754	44.57803734	30.23145717	4.396334999	12.86374666	4.000252527	29.62132582	0.250919749	0.296890403	0.321600414	0.263564188	0.225997158	0.246577616	0.293888976	7.28119527	43.84080854	0.23752382	0.232713816	0.273937552	0.263308034	0.248499256	5.164164508	13.10637955	39.68683274	2.520807402	33.61290022	0.240451924	0.27190139
Herpsilochmus_dugandi	19.79065531	47.45787532	43.65993944	5.922967999	13.77840557	11.47524253	35.00137507	0.244585313	0.291454471	0.300719803	0.317366495	0.241351957	0.283546333	0.267038311	14.410031	43.865145	0.240781396	0.226138783	0.263854392	0.279030732	0.24394613	8.599022037	13.01606946	44.96096455	3.052063559	34.99162713	0.227040942	0.263275503
Herpsilochmus_gentryi	13.03045802	46.05516927	37.25484598	8.696763478	14.87173477	7.963455622	37.62538062	0.268036285	0.320477142	0.315211813	0.25972667	0.246247616	0.264898774	0.287922345	19.08182117	49.93352519	0.239471295	0.234182282	0.305661637	0.315529096	0.252602632	14.50960368	10.64272575	43.73412045	3.69897829	37.64804711	0.230467287	0.293926801
Herpsilochmus_longirostris	9.939345862	35.6393213	24.15013916	11.495222	16.12301999	6.604987571	28.00500275	0.297448995	0.383999334	0.461119778	0.54628122	0.255862562	0.259770823	0.387257446	13.59932126	56.70187949	0.244116332	0.244937619	0.267026843	0.267914197	0.248290281	5.313009546	18.18720917	39.18387246	2.856146789	36.59746185	0.253367574	0.265194897
Herpsilochmus_motacilloides	8.895034249	52.93290403	36.05867887	5.330014303	16.4832064	7.984727627	37.63220913	0.294470769	0.321768977	0.310684923	0.279562942	0.247178437	0.262555528	0.290504048	9.888957869	46.71275205	0.263232362	0.264837685	0.321849076	0.314852885	0.262481843	6.37229978	11.59850567	30.97650563	2.83742487	NA	0.255568667	NA
Herpsilochmus_parkeri	9.371149607	51.05025138	27.79068765	6.359027706	14.24190206	5.812312796	24.18082034	0.267427011	0.286172731	0.387541791	0.313955347	0.251734619	0.286052073	0.336481614	10.1719267	54.78984867	0.253538674	0.230447322	0.263047388	0.279068867	0.244313201	7.309017741	12.20831472	38.12772094	3.162877202	34.04080285	0.251502899	0.263987542
Herpsilochmus_pectoralis	13.73124973	38.24503862	32.1275222	8.323015882	19.20057562	6.615169103	29.49805514	0.315198045	0.375601797	0.444918063	0.552296169	0.296149966	0.287650678	0.329305438	11.11077301	57.93042295	0.263390453	0.255866341	0.270814666	0.283731233	0.262792552	9.924010934	16.06538219	41.22482327	2.642075555	43.9981755	0.277449078	0.263207498
Herpsilochmus_pileatus	13.10999573	42.57150247	30.73465558	10.74757255	16.48236699	6.05014995	26.40907544	0.25187937	0.280992017	0.333464986	0.260631782	0.250101482	0.261915914	0.280676736	9.578778874	32.71302888	0.238463336	0.237262696	0.259367712	0.272677376	0.239762321	5.359684978	13.06450318	22.49156478	3.290504097	23.25433755	0.245042225	0.250234309
Herpsilochmus_roraimae	12.78336787	64.21187684	41.37913673	5.92377968	16.62411285	7.951427563	31.57328204	0.251458246	0.272430898	0.28707149	0.237059417	0.230591945	0.250484449	0.252027702	7.085449054	36.73073087	0.2238388	0.22242284	0.265543917	0.263760993	0.232471292	3.389255502	13.79012415	38.77695424	0.980348084	20.48116777	0.184276966	0.277314427
Herpsilochmus_rufimarginatus	12.34070956	47.98257418	38.2668903	7.486328847	14.76708339	7.866756428	33.40450267	0.314682393	0.342621006	0.355747447	0.454091083	0.291513027	0.303470338	0.292586027	10.73622549	52.28224125	0.279324597	0.256846015	0.328803255	0.324846388	0.267641135	8.130381614	12.10119862	39.43403425	3.148654602	32.66141532	0.265994345	0.297638604
Herpsilochmus_sellowi	13.00100726	36.94508388	38.21679251	4.815001989	14.44224414	5.883845401	40.33276928	0.271265036	0.322214374	0.324887994	0.299520062	0.251043592	0.261636381	0.289867057	12.41028807	44.57170152	0.275384264	0.245953956	0.272292932	0.290088889	0.25354085	3.963957729	16.76611162	34.83690033	3.663892096	37.85327793	0.250631904	0.26116802
Herpsilochmus_stictocephalus	9.748633561	56.49021551	38.14992887	9.370163766	16.79747902	5.398263695	34.04838939	0.250562145	0.26411453	0.335866838	0.26058336	0.244898005	0.24398603	0.265449902	12.8394564	51.59375791	0.244275982	0.233742485	0.256458275	0.269968596	0.226741855	11.61230539	13.55882769	28.61423961	3.439204509	31.66701107	0.21990781	0.252376635
Herpsilochmus_sticturus	14.27777461	39.63277869	31.12959053	4.570018719	14.46588615	8.390411857	30.64920182	0.252262764	0.302334004	0.310853485	0.361993677	0.242111374	0.255429594	0.26498493	8.203759028	28.51552204	0.261687627	0.246829957	0.263434619	0.272340511	0.248410714	6.911873563	12.57002503	24.95581073	3.455217071	21.37774922	0.260297383	0.267066215
Herpsilochmus_stotzi	9.340274948	39.85475817	47.76309806	3.949944907	19.97057421	3.186722602	30.27300017	0.25637757	0.272901894	0.290484027	0.261188521	0.2253924	0.225708059	0.268612034	16.52462073	57.87103631	0.229897067	0.225874551	0.268299584	0.268619649	0.240985009	4.366992613	17.55657094	53.48094116	2.856509358	46.8866234	0.235655236	0.267571507
Hypocnemis_cantator	9.064710724	53.83212258	40.50994607	8.202693074	8.595657182	8.569426796	39.50275498	0.342069236	0.305519812	0.288965717	0.359212773	0.394435147	0.404628732	0.295749841	7.702709941	53.76444347	0.390088755	0.363618165	0.266437154	0.303473516	0.288663684	7.911742263	7.463342658	38.29022943	6.62451435	41.68913663	0.262915157	0.280814183
Hypocnemis_flavescens	6.797789736	42.63247018	34.57991182	6.927439459	7.095032474	6.241295838	39.15832831	0.330689951	0.317690307	0.319778183	0.317225155	0.359382041	0.406326138	0.294014006	7.655321967	46.00906557	0.358704587	0.331003671	0.324384123	0.324460176	0.277284994	6.865359119	6.930609525	32.53688002	4.912628156	40.22008364	0.257720571	0.304853288
Hypocnemis_hypoxantha	8.209000049	52.48656784	42.8951419	5.564463803	10.10311058	8.154888966	45.88747826	0.325674339	0.347479116	0.376325743	0.332870874	0.317830245	0.360096944	0.372281327	7.833508396	41.06511116	0.318735514	0.289944419	0.40711936	0.393947504	0.305157312	9.292808811	9.276290212	41.04736643	7.318404777	40.34618901	0.26380585	0.374053267
Hypocnemis_ochrogyna	10.72062991	47.69120162	34.18263314	7.328870644	9.594371752	9.673208646	44.04512934	0.308816047	0.325861154	0.289285504	0.413804717	0.412306684	0.409885538	0.285486162	13.50312645	53.88296267	0.388449572	0.368116605	0.287666278	0.295360825	0.292089232	10.36520185	9.673531268	34.39808895	6.544743343	43.14025917	0.280142566	0.292758798
Hypocnemis_peruviana	7.373521078	51.75057872	30.34015178	7.231438546	7.663575042	8.719247805	42.8308233	0.34771228	0.318059413	0.304649818	0.357922876	0.366242983	0.403167286	0.288957888	7.496333754	48.36888649	0.380671869	0.354287041	0.284324384	0.305189731	0.288394451	8.458046539	9.310472674	26.51267235	6.834229647	35.23677423	0.275164433	0.278626775
Hypocnemis_striata	16.44212125	59.75793751	41.41686426	9.018335852	10.17267773	10.73060884	47.8660392	0.306516886	0.303929853	0.273419604	0.350642665	0.371050199	0.390718933	0.275741407	9.255065492	52.8289265	0.404756743	0.344581347	0.278186735	0.29548155	0.25592727	8.587425815	8.945199411	36.77551531	6.44242631	34.96266736	0.253400131	0.275999688
Hypocnemis_subflava	10.46651398	47.42411674	36.12403283	8.019261722	10.19734008	9.208067717	43.25469724	0.315761012	0.342519562	0.322350998	0.342875708	0.33819433	0.381235323	0.320324232	10.11755302	52.6655476	0.35463574	0.296740286	0.323405452	0.337443516	0.288983138	10.60002299	10.60050274	36.01656228	4.959015974	47.91909078	0.280691904	0.326094515
Hypocnemoides_maculicauda	9.583558872	59.60709967	43.5587343	7.191890404	10.4000114	6.289912822	35.2032141	0.256626444	0.293512386	0.295715121	0.261156625	0.247436546	0.262811615	0.284548052	11.69319539	22.50869358	0.251185459	0.233731095	0.257676328	0.274833713	0.240863302	6.057376648	9.321357378	17.59454925	7.249568909	2.64926851	0.250699894	0.274334509
Hypocnemoides_melanopogon	6.340762161	36.63221783	23.24482342	5.219294085	6.823446142	4.420869702	20.94263773	0.251549592	0.294720467	0.308707245	0.266187419	0.246326882	0.257216071	0.279337379	7.40340833	19.08676724	0.263416107	0.242931673	0.257707096	0.264912677	0.245512253	4.550926823	8.177527657	14.37344259	5.937157016	3.188267601	0.24161707	0.277402021
Hypoedaleus_guttatus	8.825552935	22.66302234	27.32530642	7.763799513	11.10135225	9.624184475	26.69993426	0.324622199	0.461373834	0.359414276	0.349257432	0.337236209	0.315050406	0.299202829	10.67456118	34.00756083	0.301989345	0.284860781	0.325815589	0.371593944	0.300561904	11.03515659	9.88964307	30.10730939	9.31443029	24.26158643	0.304411977	0.314044854
Isleria_guttata	7.696582655	15.45736021	14.89303937	5.396406121	5.814414091	6.580357668	21.9153127	0.330543857	0.477483433	0.382139849	0.329421099	0.376287373	0.387187781	0.333715571	9.404445331	10.75000339	0.347661862	0.314813663	0.259413406	0.491053526	0.262542923	5.111323479	7.451763766	13.06999246	5.049247698	15.96628635	0.261153883	0.257070024
Isleria_hauxwelli	7.854398267	17.41094296	15.24342215	7.126498103	7.611358751	6.922648954	27.24928794	0.329435435	0.523569548	0.524358084	0.321250312	0.315799749	0.361774705	0.462337802	8.665181315	15.38564602	0.303088747	0.253715675	0.25435543	0.262380669	0.248503826	5.567580626	8.10803012	14.07541724	7.148413561	17.68740841	0.252287509	0.264500129
Mackenziaena_leachii	3.897969951	4.971616416	5.85572047	4.049647454	3.828267706	4.575413563	6.192602452	0.360452493	0.344622352	0.363771343	0.468286769	0.33480806	0.275253342	0.349688635	3.510074197	3.732660191	0.277518299	0.282073635	0.308747186	0.303868749	0.295328963	3.729529122	3.722403117	3.671511953	2.821369331	3.409769058	0.300873592	0.294139911
Mackenziaena_severa	4.873079666	6.507945222	7.005484277	6.624020638	4.629221781	5.734217032	8.063886325	0.385289445	0.363254709	0.369078587	0.569108738	0.344002396	0.293813036	0.337684792	4.655891385	4.936150993	0.277331332	0.285847612	0.293051303	0.307067075	0.285910314	5.570909394	5.496498815	4.971460761	3.895410862	5.504406752	0.28247382	0.291359771
Megastictus_margaritatus	8.055648481	26.60518949	22.71563397	7.781390668	9.636636626	6.003541394	33.86195207	0.421598843	0.453131426	0.45958387	0.392768405	0.383100342	0.324276242	0.38768417	8.394236611	26.06333914	0.263465406	0.253225157	0.267161859	0.266920622	0.253236191	4.389593937	10.92938845	20.25972955	7.849380087	24.73754642	0.255601067	0.283744347
Microrhopias_quixensis	5.701796377	10.31542016	9.784333924	4.578546508	4.413891159	6.745494744	9.294283999	0.276100597	0.509981898	0.516332404	0.305785129	0.261317867	0.257869335	0.527510316	5.357619178	3.468250795	0.26343997	0.260451329	0.28008003	0.283459385	0.272155626	6.834592521	3.674153466	2.37468029	2.897387874	2.602702832	0.281514678	0.27133592
Myrmeciza_longipes	10.74312688	60.58309798	59.9025946	7.63376803	8.905788407	9.285740059	30.49519255	0.460423201	0.311996973	0.310771087	0.357218206	0.547742549	0.487360551	0.428757555	7.478114954	56.43378952	0.452923489	0.479483696	0.277582701	0.318616491	0.534408873	10.50878956	10.23383266	17.8431549	5.695918835	3.047601904	0.363849752	0.288106809
Myrmelastes_caurensis	4.392996471	8.899223218	8.330112996	4.860781665	4.909109954	6.439813868	8.962662535	0.373663906	0.365343486	0.474525172	0.303441789	0.328214879	0.266893213	0.502779946	3.930951047	5.93136589	0.283669465	0.287354499	0.287234401	0.293050233	0.275938018	5.784102129	5.992364632	5.674129555	3.685057364	5.590645476	0.278898489	0.286224082
Myrmelastes_humaythae	5.100128258	21.33055467	22.08641351	5.956800071	5.532630965	6.725555037	30.05046257	0.372249369	0.528635239	0.499834164	0.355041388	0.360271158	0.309517943	0.461406124	6.481381882	23.31595917	0.301200566	0.260225765	0.279031376	0.287921432	0.270666079	5.414992715	5.680208761	22.30956081	5.923169532	19.80902958	0.277056654	0.283831493
Myrmelastes_hyperythrus	6.295674106	16.35128907	17.02002756	5.835814122	6.973783279	7.292349569	21.04578683	0.244435211	0.550704332	0.524722944	0.2613797	0.247660121	0.270660442	0.537102383	5.915539739	9.114142904	0.261435015	0.241251668	0.240910786	0.250352765	0.244729275	5.854708819	6.575410508	10.17458586	5.753733596	8.230393246	0.243660971	0.239324863
Myrmelastes_leucostigma	6.038940563	14.2716525	15.23968492	6.002374184	6.419925037	6.485131548	17.15898503	0.358584875	0.534558521	0.520890287	0.278044596	0.345630496	0.291470701	0.525263969	7.403195454	15.70655482	0.277646008	0.271154051	0.263875253	0.272975517	0.268227604	6.248807206	7.687492225	14.41629632	4.8692777	13.90900072	0.266831647	0.265050273
Myrmelastes_rufifacies	6.218087276	14.83370938	19.46559568	5.934015069	5.974137701	6.781543298	33.46837754	0.365404651	0.522854123	0.50655245	0.305584305	0.359543949	0.281822894	0.405114004	6.499164401	16.66242711	0.267244809	0.268188501	0.259302569	0.264958025	0.257162125	6.112944437	6.492686859	15.0715081	5.513863562	19.70299001	0.25353225	0.261893313
Myrmelastes_saturatus	5.554834126	6.848348148	9.979728916	3.818014647	4.678988911	5.137236157	11.45234639	0.364384449	0.491428781	0.563771026	0.375865487	0.365654893	0.294634551	0.522339092	5.593430942	9.736702295	0.292782312	0.289807676	0.264072814	0.280111695	0.271963923	4.894104961	4.929154528	12.25973839	4.687556042	11.90372729	0.268456879	0.273858854
Myrmoborus_leucophrys	8.699641928	57.15007234	60.11436718	9.489290131	8.041130387	8.485948763	55.89682736	0.369075335	0.299783438	0.28590808	0.468085429	0.393652642	0.36181445	0.287134361	7.659533354	11.54973039	0.27222366	0.243714669	0.248595068	0.263977508	0.249737013	7.090150906	7.871508464	8.06977104	19.58896574	4.152752544	0.259647162	0.278110664
Myrmoborus_lophotes	8.025393333	63.82742366	49.83900907	10.47734549	8.491101014	10.81597425	37.63243581	0.480364192	0.30623835	0.281528881	0.514666351	0.460131249	0.412236799	0.284710822	6.194352554	5.444225043	0.256803569	0.252885307	0.263902566	0.28345938	0.245111504	7.520863723	6.774745866	3.683471366	4.369108171	3.789282683	0.268455599	0.270153168
Myrmoborus_lugubris	8.972773708	55.40366298	49.2780194	8.468183591	8.326774442	8.46352861	54.85504936	0.371387281	0.291307014	0.270085763	0.411264296	0.398458497	0.372438289	0.291547785	8.23507455	36.20508872	0.261134702	0.236954166	0.262225382	0.268650287	0.241359696	8.556614157	8.350248469	32.39173536	11.09361109	3.349375828	0.245005477	0.275850638
Myrmoborus_melanurus	6.827933318	58.63517166	28.69788641	5.796790116	7.010914365	8.177908151	51.15312066	0.351400729	0.291046139	0.368137096	0.367598106	0.35481189	0.297747794	0.293933012	6.316494238	10.09461741	0.253412578	0.228421418	0.231724213	0.246787057	0.224040801	6.495031704	7.428963683	7.370936811	3.612007998	4.024618495	0.239764385	0.254374016
Myrmoborus_myotherinus	7.082024198	31.63910842	29.47658762	4.945643614	7.110533445	6.655112155	42.9430465	0.341500862	0.453756966	0.457598368	0.360924742	0.341134679	0.335524727	0.356971045	6.776084784	27.6036915	0.278573219	0.244979491	0.269257729	0.274781158	0.244294336	6.669080828	6.636031428	24.8121432	5.735241518	2.463766758	0.245336605	0.243062866
Myrmochanes_hemileucus	5.396344198	55.45417208	51.92175661	3.267247141	5.258513188	5.494738168	46.89433669	0.254108205	0.305113621	0.295395812	0.247923317	0.255774543	0.258978966	0.281957234	5.130260753	54.30661937	0.253555491	0.26180073	0.291049495	0.290509534	0.251708223	6.014995371	5.058380292	48.60266162	3.552433454	47.28365116	0.25496364	0.274672617
Myrmoderus_ferrugineus	5.144055854	16.17397427	3.147071444	4.816041483	5.74187655	7.254649731	41.88223527	0.499849346	0.321423311	0.31076682	0.471217714	0.486885478	0.38637295	0.320758243	5.092827206	5.090776915	0.393695864	0.508085951	0.277348763	0.343857419	0.504409003	7.24964924	4.723236391	2.003295579	3.44184209	1.720092219	0.496510397	0.299245639
Myrmoderus_loricatus	6.932980515	42.40029385	35.19401935	4.305896417	6.471027955	6.790182966	32.23404733	0.388245591	0.328339621	0.337457772	0.3595112	0.468521436	0.452726839	0.393257277	6.501946143	46.29788377	0.424592914	0.461893298	0.271704105	0.304270622	0.406782612	7.352289976	6.788672722	14.41005651	3.733603294	2.645669896	0.389057052	0.263994332
Myrmoderus_ruficauda	6.528691733	20.41143171	15.67855637	4.245154046	7.601065609	7.541175867	24.43681997	0.395034597	0.427978934	0.341195942	0.389699546	0.458534273	0.442396513	0.323763129	5.596684053	13.20348612	0.41490708	0.45411193	0.296393936	0.470181845	0.361010002	7.811854879	5.850750785	5.672276641	4.5419028	2.937828753	0.351259242	0.304984719
Myrmoderus_squamosus	7.68702233	35.60024045	32.09289163	5.742386909	6.981394299	8.081314577	31.57430374	0.360033882	0.313352215	0.262961792	0.383657377	0.407246015	0.376620645	0.253122554	6.79856079	25.09130832	0.373826128	0.419868648	0.253750463	0.286577583	0.334119595	7.563332132	6.11457188	4.983194356	5.758700265	2.936499655	0.375909919	0.254404953
Myrmophylax_atrothorax	6.059212178	12.23296497	17.04716398	5.244889208	4.515009773	5.660493048	30.5271023	0.377138759	0.322857363	0.536039032	0.342534694	0.334832597	0.277925165	0.338790125	6.533266028	5.392463454	0.270096575	0.314039661	0.272173123	0.304156129	0.330145187	5.000808794	5.572708463	3.019281776	4.350566769	3.021574463	0.335076463	0.296426399
Myrmorchilus_strigilatus	8.412716751	47.45714271	38.23339632	7.510708655	11.41154887	5.000783314	38.24517944	0.40804131	0.349198303	0.347963031	0.403143762	0.519765414	0.277706076	0.336690195	10.91793825	48.72173653	0.282043048	0.465793862	0.292085347	0.333847251	0.434442647	4.334062816	14.99140008	49.71804153	6.944074206	2.517611692	0.40272694	0.289133355
Myrmornis_torquata	5.99567684	13.20718191	8.525433312	2.849793165	11.02712391	7.544411985	6.697601831	0.389025577	0.305587916	0.403363973	0.469218439	0.330453609	0.435873626	0.589264649	4.921927921	14.72643714	0.423932936	0.402338335	0.281336631	0.290307356	0.354589348	8.753291823	7.881553704	10.32505065	3.233221913	1.983484626	0.435666861	0.284869352
Myrmotherula_ambigua	17.96792304	49.6457287	43.80987447	9.374163295	21.41989962	4.629994346	41.12068847	0.278580607	0.348515105	0.336216723	0.367288418	0.254890484	0.281864691	0.32891895	5.686218781	45.15187191	0.283126693	0.247759242	0.313336544	0.350615061	0.265999912	8.681571148	18.41154696	36.39056108	7.946255265	27.15891443	0.275280445	0.309930427
Myrmotherula_assimilis	16.1162479	25.82425112	25.67824409	10.96941726	11.73558882	8.640268012	36.68324155	0.259831949	0.449161911	0.42644437	0.275460471	0.270458285	0.277370595	0.3159006	9.191195138	20.05359235	0.261052512	0.249890324	0.260913342	0.269345046	0.256053192	6.281985699	9.196953898	14.71823839	8.410248707	13.24511287	0.262489176	0.274684069
Myrmotherula_axillaris	7.697456784	27.65327352	20.91362092	7.560216072	8.116852763	6.537110567	28.75750004	0.340915186	0.417266883	0.400253514	0.327606086	0.352510629	0.353707014	0.338594713	6.046084012	4.523803701	0.27203393	0.26762835	0.274712293	0.277767859	0.269790705	4.973458023	6.464369887	2.42794267	5.524727485	2.813634126	0.271336838	0.270664732
Myrmotherula_brachyura	7.725141073	43.97076264	33.11652715	5.069608584	14.19154772	7.356347304	29.95264091	0.286140352	0.320424768	0.3526267	0.333300034	0.254554726	0.317866904	0.305760299	17.10486929	48.63032778	0.303543662	0.262317471	0.327623461	0.338221604	0.27989683	6.251709534	15.3226104	44.16058717	7.379419083	39.82549199	0.271054987	0.281945314
Myrmotherula_cherriei	9.224865489	26.84432884	28.44262007	10.04283681	8.718571512	8.403632497	21.94273907	0.291171721	0.368132289	0.315270726	0.320198517	0.302140754	0.292137894	0.316635221	10.186615	32.17260902	0.243576469	0.25419964	0.258598299	0.257486408	0.247340322	7.408110936	5.49407462	19.38969545	5.117131023	14.46305733	0.255257552	0.249058941
Myrmotherula_grisea	10.46474764	20.07027663	20.26154806	9.932984167	11.48541441	10.02330293	21.72406079	0.292902435	0.41519455	0.465266487	0.293676899	0.30572079	0.389396585	0.33527005	8.237627736	14.42236645	0.310080123	0.269283325	0.27896161	0.271304096	0.273830322	7.313689923	9.306432653	11.67131672	8.682944306	14.8103475	0.284816403	0.26794499
Myrmotherula_ignota	10.58969508	56.46097466	40.80064134	7.121126741	14.83583699	8.089141625	44.17778633	0.270050288	0.340359751	0.349648693	0.319567068	0.2561039	0.319218906	0.326588139	16.04440512	55.14066479	0.281633583	0.249325814	0.327047473	0.33797328	0.263918492	7.099433223	11.26463047	49.6818907	5.366166538	46.32672058	0.254143647	0.267981226
Myrmotherula_iheringi	10.98109563	27.3434618	23.97447425	10.54052802	11.49780527	8.084842521	28.76180208	0.251055232	0.384813301	0.343046446	0.274022652	0.258937661	0.29412621	0.316687263	10.29486656	21.21201923	0.258156174	0.237204893	0.245306267	0.251267517	0.235612576	7.475807597	10.06700055	14.60140541	9.13981045	3.670181974	0.238834717	0.239576209
Myrmotherula_klagesi	8.772696063	29.17144269	22.9720412	4.679202251	12.54493451	10.9581782	25.80353482	0.288332553	0.32617368	0.401253393	0.303090455	0.27026585	0.277319918	0.340972313	9.035367944	36.83778199	0.246079161	0.246135469	0.248828459	0.266275791	0.24611826	7.958224957	7.991956694	16.74248136	5.479882105	20.80406666	0.249431602	0.27228862
Myrmotherula_longicauda	10.58045718	33.52086575	24.62057143	5.503847165	14.69998618	4.669641172	25.36859921	0.297059224	0.370120961	0.421574689	0.343937718	0.259427076	0.274340273	0.358535867	10.77352605	45.49490304	0.267320844	0.255854857	0.280171078	0.293880095	0.261428152	5.656404834	11.80389358	25.76345542	7.083378001	36.67811583	0.267410583	0.27878718
Myrmotherula_longipennis	8.605776624	29.80187461	25.99089745	9.917374936	9.428542842	10.94304462	31.46756253	0.343840304	0.397308838	0.417093623	0.354120286	0.337819587	0.303194186	0.378282638	8.588333648	22.8158173	0.285795004	0.267014033	0.287168475	0.27599082	0.267081328	9.880774953	10.25319275	3.076070327	7.922937988	2.948624919	0.286793408	0.291051625
Myrmotherula_menetriesii	11.3826161	24.06905417	22.0971723	9.773178617	12.35193309	10.32306278	26.74360305	0.327410113	0.456632325	0.480078341	0.383485972	0.303880941	0.335327741	0.425390591	11.12664745	22.6728196	0.274143924	0.258712646	0.269320616	0.266804491	0.265168354	9.996152501	11.87095566	15.32234079	8.889324431	9.272897557	0.274286947	0.277431109
Myrmotherula_minor	8.202281289	14.93936104	13.934571	7.116576157	9.893084607	7.925584513	22.41423041	0.302361807	0.433083439	0.371883963	0.297237939	0.313955022	0.392579478	0.319223241	8.536800496	10.91607921	0.284929992	0.26392584	0.26883515	0.273775648	0.258371202	6.986655794	8.255268892	7.904462389	6.768682035	2.953559523	0.268140005	0.280744613
Myrmotherula_multostriata	7.94884486	28.62992987	23.55826704	5.565706556	11.02201332	7.507365578	22.60764485	0.279905831	0.321045123	0.348707609	0.435375103	0.290189786	0.301527805	0.342472348	16.07488886	31.71222565	0.278394604	0.270428711	0.285565965	0.285560631	0.269527335	7.425185136	10.27612816	20.35289913	6.149575703	29.84183887	0.277186923	0.293755767
Myrmotherula_pacifica	9.216252087	33.95449085	20.82805301	7.688592928	11.28293023	6.204368161	29.92677794	0.278535629	0.344253956	0.443648507	0.463429869	0.291831953	0.307187043	0.364837551	13.43974613	38.16059732	0.291404175	0.275199273	0.280963083	0.288526236	0.258792471	4.793436331	11.90100087	28.78804787	7.18992125	30.91694795	0.272629711	0.284143156
Myrmotherula_schisticolor	8.240984576	13.14316426	15.12883854	7.177860615	8.533033805	7.287350602	24.06818329	0.298223443	0.480976116	0.49780943	0.386689136	0.293851284	0.380259244	0.404957126	8.002814214	8.117797807	0.297282162	0.26211861	0.275769644	0.275239017	0.265939582	7.192254207	7.656933533	4.122013421	6.864020763	3.555502134	0.276329707	0.280381209
Myrmotherula_sclateri	10.92973773	42.52560927	35.24733931	5.271448817	14.57891532	7.255140247	35.23725276	0.269437151	0.326073459	0.320983335	0.341748699	0.262743715	0.281073863	0.335162863	21.65675507	44.35738246	0.273982012	0.256497959	0.340583143	0.330778822	0.284171602	7.617605873	14.41424437	36.94265285	6.682830863	39.8901583	0.287771736	0.339680004
Myrmotherula_sunensis	7.862628013	14.03241639	19.21205396	4.994979501	7.149585153	8.345960707	28.4368526	0.32121769	0.445909465	0.417320088	0.408379088	0.33853045	0.346901632	0.420594614	7.060743452	9.664573293	0.316860097	0.272514686	0.284617857	0.285600018	0.275717945	5.477594398	6.459745682	3.889353846	5.31080254	4.613828195	0.286086336	0.293900242
Myrmotherula_unicolor	10.76944968	20.08498776	21.17831527	10.72492565	10.43438896	10.99262618	23.75036129	0.310438559	0.334814132	0.355477347	0.332590018	0.384745516	0.433666858	0.309938018	11.01433277	15.41763223	0.288237429	0.258294082	0.263573069	0.269488247	0.248526354	9.02487045	10.5296151	12.28940466	8.784870365	5.366327222	0.265381573	0.259830446
Myrmotherula_urosticta	9.101269883	27.3029137	22.01621362	9.267544931	11.54471517	8.920771017	30.4624397	0.272564605	0.370670689	0.34682196	0.28432938	0.255921094	0.288798855	0.29431407	9.465676253	19.57141083	0.279277743	0.249606995	0.275045171	0.269977546	0.261498977	4.153410871	11.1388753	15.50123622	8.445234672	3.831247406	0.266360395	0.282125094
Neoctantes_niger	3.909958119	4.881300297	8.13155551	4.249337663	3.998079311	5.077937782	3.905589663	0.255790949	0.274345742	0.490614331	0.255082566	0.268766956	0.278058094	0.277354057	3.193428529	3.196438552	0.262021043	0.274841649	0.267503898	0.284590001	0.259610184	5.789611125	4.21860815	2.931961635	2.703299193	2.52004273	0.265193608	0.278160371
Oneillornis_lunulatus	5.144131523	5.821809296	7.296501392	1.997733622	3.042665983	4.093680705	26.42731345	0.421061498	0.434712202	0.425216792	0.567205859	0.47814537	0.377414765	0.317692597	3.824362601	5.60384897	0.307852856	0.297129667	0.280245336	0.293809124	0.29704878	4.4837684	4.845513648	6.136195877	2.621042311	30.04087556	0.304810952	0.309435278
Oneillornis_salvini	5.208739661	7.750518633	8.248045892	2.82485971	5.272213459	7.183164361	9.258831248	0.416343609	0.438798159	0.553918644	0.453590341	0.430197029	0.451634888	0.60508661	6.608362173	10.44147141	0.306040935	0.288340252	0.273932875	0.283658411	0.274575709	9.476337403	6.513298061	9.622166383	3.314705255	39.86920368	0.298194645	0.294668011
Percnostola_arenarum	7.685246692	15.88971149	19.91871951	3.57156219	5.442516467	4.83799588	31.66312482	0.251808047	0.433726568	0.481753411	0.241571964	0.253423731	0.291604471	0.361321704	5.288206418	7.379706702	0.271396057	0.262152233	0.24058077	0.236412008	0.237501566	6.842929994	5.943058429	7.335631431	3.813114938	4.001508634	0.247896152	0.23994886
Percnostola_rufifrons	5.713261181	12.62617052	12.80703068	2.319020114	5.078340446	5.446098033	11.1984867	0.30440204	0.518886822	0.549366616	0.284244858	0.297551289	0.306365303	0.575980678	6.966662904	7.83074163	0.281481938	0.277751985	0.264029779	0.284469103	0.275076322	5.094235539	5.463898301	7.832906965	2.07177045	3.135260623	0.250459973	0.295882751
Phaenostictus_mcleannani	5.125433261	6.311297183	5.493394825	4.142221687	7.149838047	4.568947952	1.057219939	0.350151065	0.397304066	0.467654809	0.366599509	0.33843033	0.261080786	0.2112665	6.833537051	8.073096015	0.250067875	0.377109578	0.475201271	0.386751059	0.355061012	5.078786611	5.570322265	7.723729019	4.875584524	1.819764809	0.347694749	0.268120451
Phlegopsis_borbae	5.113273255	5.124041359	6.121682243	3.661952036	3.920357979	4.098889431	9.087469406	0.379784063	0.402943498	0.46040403	0.538216749	0.40394899	0.265221636	0.535992997	5.974122448	7.674046241	0.273408617	0.379091251	0.484927513	0.40144952	0.40095075	5.45846884	5.63929362	7.381142076	5.936007517	11.82147195	0.483959175	0.508761123
Phlegopsis_erythroptera	4.0581804	6.378766866	8.004865685	3.218633432	3.679544037	3.303344575	15.81829912	0.457300346	0.459594676	0.57767697	0.471760351	0.460329808	0.27824724	0.509579894	4.013290872	2.700953526	0.2793496	0.315299636	0.300200056	0.321678597	0.291401782	2.937890422	2.364381191	2.31528728	1.57453172	2.061359062	0.292640144	0.316278237
Phlegopsis_nigromaculata	6.631793987	4.319313687	2.206835205	0.702190747	6.425319679	5.92765656	1.569223077	0.374088497	0.304637954	0.232744161	0.168504403	0.38446716	0.473253028	0.253117878	6.832901377	4.160188057	0.453563857	0.37845022	0.268348161	0.31237214	0.369387591	6.212615055	6.042705416	2.750481976	0.996939449	1.263484911	0.219227442	0.25253843
Pithys_albifrons	6.653731093	10.13479188	8.600180885	4.099777713	7.080922742	8.030736939	8.907310296	0.275340829	0.539209545	0.546122357	0.285102251	0.26381765	0.4747704	0.546983276	6.914181075	9.241484559	0.46782336	0.269198059	0.547624415	0.541606307	0.258213355	7.785751705	6.548238541	7.724452292	3.813720263	7.907325047	0.267717742	0.562339121
Pithys_castaneus	5.284949144	6.420975289	7.568921492	2.597042346	5.799497235	6.947422299	32.54544177	0.527237066	0.542518235	0.515149517	0.257206646	0.485977232	0.452928009	0.339969671	5.340248543	7.48288781	0.463895832	0.556644574	0.534282771	0.544439895	0.523908537	5.282286697	4.772050433	8.990727775	2.317061172	24.09750247	0.23710433	0.38121293
Poliocrania_exsul	5.721409741	13.35623006	10.34694884	4.84497981	5.688546771	7.42836115	10.74933772	0.40142679	0.453862644	0.479431661	0.266049758	0.423491997	0.375623784	0.440993613	5.096564937	8.125536997	0.36176367	0.404550995	0.254327219	0.273298412	0.40095154	6.815145956	6.312595548	6.533110516	4.378701478	4.379773632	0.25917775	0.261400643
Pygiptila_stellaris	9.837774012	22.53299628	22.35250093	7.151977029	11.50525586	10.22215155	24.77539177	0.303488721	0.431739201	0.414860539	0.427475722	0.289580849	0.297958769	0.425484911	5.735180204	20.02106079	0.26825452	0.262193286	0.276642642	0.275400557	0.257557363	10.00407857	9.025952251	17.34595351	2.598855911	18.73667758	0.278043916	0.277049403
Pyriglena_atra	5.475217008	13.69228474	17.93177451	3.917368072	5.011942721	4.494596258	19.2249141	0.38689528	0.35415959	0.375308719	0.432756317	0.312776928	0.253812112	0.351518622	2.953535801	4.077714842	0.266521311	0.29278085	0.291956283	0.314069001	0.284165697	5.53374686	3.999560612	4.304198063	2.92573136	2.827644511	0.256524401	0.292076747
Pyriglena_leuconota	7.508230658	14.60562535	14.75610955	4.899275142	6.179324846	5.771438641	20.14548251	0.368916877	0.357166214	0.383576319	0.341305634	0.342690574	0.264013624	0.351768019	3.526184259	3.702250927	0.245650445	0.260241427	0.257118514	0.266885851	0.251138004	5.565843956	4.196897285	3.471325407	2.681705866	3.468637799	0.250891871	0.253786492
Pyriglena_leucoptera	6.98112376	12.74651305	19.29763178	4.324028579	6.562241737	6.068031569	35.45680196	0.362898442	0.319902831	0.352100765	0.452843493	0.33122289	0.246730871	0.302627124	3.217380147	3.180201798	0.235525778	0.256159374	0.24422779	0.25577131	0.242078266	5.331618859	3.133293667	2.768247988	1.905100844	2.806370714	0.24540874	0.251026711
Rhegmatorhina_berlepschi	8.599580413	8.952281864	9.555982155	4.330779866	7.589249546	7.458394206	6.205059485	0.365000254	0.364056516	0.534651381	0.434633873	0.365117418	0.325751012	0.372658487	6.962037098	9.25182038	0.345751011	0.353725944	0.579529391	0.310799424	0.359816072	7.113943096	7.830457366	8.874814032	4.627511297	3.926020753	0.434163511	0.368690085
Rhegmatorhina_gymnops	6.60806186	7.511031453	5.870186415	3.942044258	6.249865914	5.754590454	6.593343157	0.446625735	0.395673032	0.428356856	0.363327039	0.447911297	0.359369311	0.3713633	5.688226356	4.906071456	0.313291537	0.395597628	0.285309332	0.32281311	0.397932472	6.701976982	5.282577559	2.644973396	2.638407602	3.566079806	0.266210648	0.290329042
Rhegmatorhina_hoffmannsi	7.32783594	8.810042295	9.768462286	3.990078904	7.041940422	7.931080814	60.4858945	0.368434014	0.376559974	0.377741941	0.441315693	0.379997574	0.362100058	0.286105058	7.354424345	7.918261916	0.356799835	0.348478258	0.293516145	0.323467832	0.344011712	7.142266131	7.090595496	9.304792702	3.418734501	46.41810951	0.306551774	0.300023696
Rhegmatorhina_melanosticta	5.489850603	5.836379775	5.786052055	8.115055115	4.347625653	5.420044731	5.978176028	0.427900188	0.441286612	0.429935707	0.427391963	0.45490919	0.335282848	0.447605336	5.472797841	5.661418564	0.330452511	0.445805728	0.410265652	0.426576404	0.416803994	5.542977424	4.324439593	5.80027371	6.996369581	5.035239003	0.422314234	0.433986644
Rhopias_gularis	6.249422009	11.65774874	10.41577888	6.084029767	5.968181226	6.393238249	7.784159798	0.409598825	0.263597015	0.25826657	0.389463973	0.441510061	0.365020711	0.277581225	5.778712495	10.14005384	0.394613424	0.44639025	0.255115918	0.269208386	0.417816439	5.51937455	5.910804157	8.899757223	5.58014983	4.412248777	0.384641075	0.262728616
Sakesphorus_canadensis	10.60349393	31.82906162	20.65269837	9.208168207	12.37937179	8.260311861	23.54119003	0.397402827	0.333876009	0.398252617	0.534737612	0.340659791	0.249462358	0.31949249	8.84450561	35.00350116	0.247892799	0.30463026	0.259531243	0.266032645	0.363780609	5.807165222	14.26886408	4.421949683	3.389835323	4.542461089	0.249370936	0.261047078
Sakesphorus_cristatus	9.156834644	44.21554557	35.22750225	8.709330486	13.82942475	7.582648245	31.66212699	0.380579272	0.329396094	0.356684181	0.503220987	0.35419433	0.340681549	0.289379004	8.206664699	44.42549791	0.262455292	0.358522938	0.290692934	0.3003069	0.36388017	5.507963742	10.962725	44.14052868	2.388346625	4.992753146	0.259296311	0.274920276
Sakesphorus_luctuosus	3.504028112	4.260010517	3.764417917	5.180990509	5.532607186	4.39897191	2.831708576	0.270190942	0.273269726	0.270861639	0.487507293	0.260833893	0.252153309	0.289980587	3.024129426	3.288765982	0.245016974	0.250394051	0.256641977	0.266637701	0.262149816	4.565150197	5.948756544	2.825090992	2.045489581	2.412174901	0.249403403	0.268873931
Sciaphylax_castanea	6.09704346	47.25938245	15.92481574	3.70039141	4.458713825	5.402387446	21.47373027	0.401661148	0.340381613	0.527293736	0.370297519	0.515206913	0.484700381	0.473725816	6.527329488	37.17670161	0.448943849	0.395330153	0.284613578	0.286815813	0.363686131	7.306667677	7.355994979	3.920884182	4.665720076	3.311819565	0.288654007	0.294543386
Sciaphylax_hemimelaena	8.45834537	50.67225038	23.43947959	6.603704847	7.802105432	9.197284197	28.24102867	0.366631891	0.364260755	0.532112954	0.329786133	0.431136881	0.469361653	0.470031077	7.169604587	47.26325263	0.455179227	0.456307332	0.29445628	0.292458957	0.381669558	8.296820576	6.124706281	2.699208434	4.490521465	2.699272615	0.290858691	0.290980732
Sclateria_naevia	4.758420898	54.94845995	53.33395373	3.757227855	4.415587514	5.51243145	46.19518022	0.335167682	0.322751169	0.312388906	0.359172466	0.312374948	0.311923245	0.30085347	5.08131565	52.22558095	0.290156467	0.273188138	0.300615148	0.312348018	0.282703168	6.031070981	5.216229342	50.32315564	4.698004149	41.24654346	0.28834914	0.297548748
Sipia_berlepschi	4.231478103	5.028453487	3.973913178	2.564141075	3.813725065	6.677092529	4.647497922	0.295697136	0.336228254	0.307863825	0.303239278	0.299690011	0.280690352	0.302499852	3.29448063	3.576922274	0.284844383	0.287952393	0.286344802	0.28544942	0.276899715	4.206084448	4.208100829	3.184565988	2.960161644	3.257253433	0.26310815	0.261552439
Sipia_laemosticta	5.522275049	14.10734485	9.762190905	7.138169976	6.514098414	7.033537236	14.02511497	0.332225848	0.295671402	0.247451341	0.255114411	0.345291024	0.318198267	0.245817688	2.954867908	4.216545971	0.342379249	0.433066761	0.267769136	0.43016585	0.442606983	6.388450229	3.761673783	3.747467574	2.573899414	1.603238922	0.264054593	0.270994917
Sipia_nigricauda	6.112687905	7.364775447	6.566031569	4.11303903	4.125388277	5.665602351	7.708148615	0.298227113	0.287396344	0.260830816	0.257875111	0.393872718	0.286595444	0.248231316	4.506999065	7.170049614	0.270084702	0.263142906	0.252170031	0.255304122	0.251348427	5.560993469	6.185635126	6.42625534	4.284391789	4.375963816	0.262335534	0.263361595
Stymphalornis_acutirostris	5.930703014	13.88066845	13.2885097	4.903813023	5.2102233	5.380721997	9.898041248	0.371832004	0.268965077	0.270172135	0.353092705	0.36007437	0.258506934	0.267547105	5.121779624	4.26917919	0.252477742	0.358857373	0.266622272	0.265209588	0.35783763	6.11714733	5.348730537	3.02306446	4.228754265	3.514794378	0.357853048	0.271218599
Taraba_major	7.208057712	56.06652475	54.41101181	6.45086233	8.062243734	9.842267132	51.31711659	0.477648291	0.301704794	0.305685062	0.496236765	0.459334115	0.430821176	0.298698988	3.012420825	58.76970088	0.252140912	0.255749411	0.294019636	0.295684713	0.246979025	5.863664348	5.519819215	56.7724601	3.209207914	50.19555196	0.245384485	0.289096225
Terenura_maculata	10.0181148	43.03795522	31.10638123	9.857098722	16.07978795	12.35480513	32.64331086	0.440861894	0.332919589	0.361888271	0.328082705	0.356398468	0.349362668	0.280922004	10.72430075	39.79274985	0.275317906	0.390627871	0.333517592	0.332485921	0.387107338	12.92863229	11.95866661	25.78991608	6.962280916	28.80312927	0.253743014	0.248875044
Thamnistes_anabatinus	7.904424468	22.66729491	20.07710434	8.459446512	9.947503719	9.632445159	26.57903958	0.400467571	0.33460609	0.395966959	0.409576617	0.346744101	0.468939814	0.352003417	7.380285337	21.47929433	0.47202506	0.342986415	0.398742641	0.336269363	0.413246845	9.232104382	10.47725754	19.8481744	7.236867015	26.70755578	0.430833374	0.349842848
Thamnomanes_ardesiacus	8.405201614	29.38067349	20.73049092	8.252163404	9.254079513	9.683115459	24.60693108	0.349125156	0.438141298	0.380160418	0.333769666	0.346013057	0.354563496	0.315635617	8.173050893	19.29824277	0.262250773	0.240729349	0.254985114	0.261978267	0.23791195	8.371123711	9.842570699	13.08122746	7.14993868	5.124515312	0.234649882	0.267013688
Thamnomanes_caesius	7.574618522	14.926029	12.39759577	6.018804706	7.20459001	6.79606031	14.78846814	0.348927995	0.506150035	0.394825679	0.360410911	0.360957321	0.358166998	0.339488532	7.576839966	8.742556757	0.272476743	0.251715773	0.257296866	0.259570054	0.261724541	6.45476925	6.695340695	8.417824046	5.088003659	10.2332845	0.258453295	0.266778193
Thamnomanes_saturninus	7.732575502	23.23436143	18.58917405	7.378200593	7.987996228	8.668071988	30.45391555	0.351985813	0.440674804	0.360673547	0.346791337	0.35042674	0.359838514	0.280774065	7.433841946	15.82608146	0.272130083	0.228230186	0.255893269	0.258589365	0.238752939	7.658263005	7.198581544	11.54550302	6.591875695	3.810975084	0.232895583	0.272964131
Thamnomanes_schistogynus	9.021530597	13.17801486	12.38656142	6.770023848	8.119028685	8.397284283	15.83581655	0.254817875	0.542770013	0.281783499	0.265142359	0.249262686	0.27381649	0.29313496	6.509032489	8.783041596	0.273636814	0.256611382	0.24642546	0.249673343	0.239066898	6.904912699	8.507258165	7.906389039	6.03925622	10.40320846	0.253871387	0.268548189
Thamnophilus_aethiops	6.97603279	19.54982671	13.63108395	5.868959813	7.800482631	8.400771274	12.79609854	0.412601796	0.433460823	0.467867464	0.486365956	0.373841229	0.367567815	0.442183784	6.159918242	12.40143254	0.262016964	0.244407362	0.253365815	0.255121196	0.244959709	6.788692998	7.685245782	8.946774001	4.056535828	7.234997238	0.250870075	0.259317548
Thamnophilus_amazonicus	8.137328574	23.27301136	18.35121834	7.672244244	10.74447693	5.899781129	19.75385986	0.330850407	0.441263166	0.503475562	0.497221547	0.296192314	0.286196751	0.463962823	7.511385041	18.88239688	0.252468303	0.251652094	0.267076652	0.262126103	0.259595288	5.220076438	10.18666637	12.89325322	3.248632094	13.20706767	0.258528898	0.26866386
Thamnophilus_ambiguus	6.776871844	22.41606251	16.42686154	6.728834224	8.788347779	7.994436965	16.77720448	0.393330936	0.388970318	0.410139394	0.535962218	0.370894838	0.420392418	0.338212845	10.80193418	35.93053046	0.247843064	0.255151078	0.286491941	0.281998676	0.272329475	6.773682161	14.62726703	22.08255998	3.95632141	22.99004312	0.256076346	0.277583771
Thamnophilus_aroyae	8.389792434	25.4137296	17.88808572	8.287380768	8.771413614	8.3488142	20.78284935	0.357849317	0.403627964	0.396497645	0.463912189	0.33831406	0.318325315	0.331334727	8.661712073	15.05160891	0.260969135	0.248502386	0.257964584	0.252612381	0.252208486	10.3387791	9.447524234	11.93188811	4.646516084	12.07973296	0.261670624	0.26044718
Thamnophilus_atrinucha	9.02695389	24.18585603	17.9035331	9.87920229	9.002856619	8.685401413	22.96134634	0.346825863	0.37396397	0.364332927	0.380363239	0.335080949	0.340897099	0.312067687	9.205728137	21.69710252	0.257751478	0.252039401	0.258901507	0.25538144	0.262549907	6.30703514	14.68087964	18.13804453	5.595497256	15.54538923	0.262269301	0.259088257
Thamnophilus_bernardi	8.441766818	36.36014772	24.52528257	5.743035627	10.59774363	8.373776741	22.53897456	0.397087351	0.35623957	0.386547398	0.421276327	0.386365052	0.470662005	0.318730621	7.09543979	41.408926	0.274446084	0.350474827	0.285654457	0.293735831	0.376008535	3.733777636	9.874917384	25.93308144	3.679256536	6.838716171	0.276582166	0.29910351
Thamnophilus_bridgesi	7.552580384	16.01870984	14.45392055	8.279809678	10.08345481	8.002801967	16.78458952	0.313896002	0.304905756	0.303124475	0.271587152	0.304036757	0.27055939	0.277321738	6.410711952	9.614302541	0.249130758	0.25366985	0.261317738	0.263294096	0.257046546	7.450551945	6.305814743	7.260831322	5.629636698	8.087923063	0.260246574	0.277907049
Thamnophilus_caerulescens	8.643700907	24.46117007	20.094079	6.798143085	9.242043829	7.962012728	20.19757837	0.312679586	0.427849671	0.341213344	0.35303043	0.298343765	0.304220797	0.290355852	8.003126792	22.55665177	0.262945407	0.253696211	0.281322877	0.30307997	0.258554195	6.220825119	8.048748839	17.79531817	3.009132458	16.17805732	0.257405753	0.269240297
Thamnophilus_cryptoleucus	5.789708992	5.9047477	3.857920739	4.775432015	4.433286535	5.528102566	4.053927177	0.266416478	0.266154267	0.278561625	0.257425535	0.259242128	0.258746441	0.263801272	4.610154274	4.053964045	0.247056513	0.251885371	0.268779773	0.270491605	0.244406582	7.074995322	3.753328617	3.461763773	3.620099885	4.062289972	0.254253335	0.263211421
Thamnophilus_doliatus	7.549645415	28.58875884	18.92653583	6.235271275	7.68771454	8.276933872	21.02606657	0.535345146	0.402191826	0.4850427	0.506280429	0.530632613	0.488911287	0.417124858	6.883805252	25.64925115	0.270304999	0.267109148	0.288047333	0.286913086	0.277357684	8.385650876	14.21025615	17.66533296	3.097919579	16.39683387	0.269826032	0.280567817
Thamnophilus_insignis	5.032050752	10.65418484	10.9658813	2.601124111	4.020874996	4.487438528	7.487904547	0.251606848	0.252908793	0.2654821	0.271839894	0.247414205	0.245745096	0.255595186	3.829796678	11.72264561	0.238468156	0.246738837	0.258767834	0.257615783	0.256295813	4.191127961	3.696112484	10.22553068	2.115138113	8.385264095	0.25403921	0.268095721
Thamnophilus_melanonotus	10.42454474	38.49289744	24.14939339	5.488064454	9.052613198	8.342543378	28.44944729	0.380212455	0.367079701	0.404806683	0.33904815	0.404086035	0.382722211	0.327019169	4.487024039	27.51926646	0.247100693	0.292620803	0.286640857	0.282059794	0.276481341	4.777622128	9.961278067	2.37196914	2.046833618	4.393867124	0.226046265	0.26987693
Thamnophilus_melanothorax	6.430633404	6.247647215	3.306346945	6.133766977	7.07780628	7.484696907	2.791073697	0.523290792	0.324959626	0.301949887	0.563888214	0.526923652	0.481264442	0.340150533	2.064391189	3.033412551	0.269440282	0.287093791	0.29888479	0.297930494	0.279501754	4.767437059	3.243648898	2.854502233	2.452338579	3.565662834	0.296236335	0.306316903
Thamnophilus_multistriatus	11.88914112	35.00221438	19.40959176	7.116419509	12.3875091	10.17724182	23.49834254	0.531779452	0.292221492	0.304443734	0.565337411	0.551113527	0.475230637	0.272999307	9.866032586	23.75095828	0.257411185	0.26432748	0.266105184	0.27962446	0.258133188	12.93921304	10.44704869	18.16263764	9.373307196	16.8757053	0.258589874	0.267040886
Thamnophilus_murinus	9.406002883	45.04645689	23.97250619	7.01613072	12.48921394	8.220209835	25.72420612	0.33045692	0.292213922	0.316376932	0.424004598	0.307641475	0.370544622	0.27551593	13.53900464	46.06728085	0.275405039	0.238498817	0.256519005	0.251842957	0.245831474	10.48685146	14.80799922	27.866141	11.09733436	31.88945832	0.249836253	0.256479265
Thamnophilus_nigriceps	7.405389774	9.253031396	5.28283255	3.444692977	7.375697382	7.720687315	3.856363589	0.387861129	0.390760009	0.284000526	0.260894526	0.427926223	0.422374335	0.31443749	3.248447603	6.514942474	0.2737138	0.280394218	0.30088678	0.296730204	0.279698433	4.219007356	2.979360419	3.050994878	2.604087956	2.921127611	0.300760159	0.310546889
Thamnophilus_palliatus	8.121595601	18.95932818	11.90439546	6.981519353	7.848539489	8.003778019	14.80343013	0.506992755	0.277175649	0.283698777	0.452268228	0.526418375	0.4851397	0.27882312	6.175087094	15.62931296	0.459981151	0.506438585	0.265990855	0.266771939	0.528744953	7.224425883	6.271849365	11.26706242	2.877198516	8.880350597	0.272450652	0.273226163
Thamnophilus_pelzelni	7.244817601	30.06693352	23.03176903	8.072386987	6.546921808	7.095919277	25.41133586	0.426425899	0.398408832	0.422886791	0.471762271	0.408458251	0.434631964	0.323300358	11.61814114	35.46700648	0.242871159	0.232884991	0.277062166	0.278594602	0.257955763	4.234817937	16.50996584	28.51864382	3.661205044	16.95234953	0.25197557	0.307803037
Thamnophilus_praecox	9.211490128	11.99045556	11.88563521	2.7035455	9.152476415	7.445469912	5.05226521	0.522941022	0.573968996	0.540294399	0.275356832	0.544954132	0.437062418	0.300070629	3.750039759	3.899638149	0.259199083	0.253818571	0.261130199	0.270564233	0.252272681	5.03167367	4.212777828	4.145686876	2.476474044	3.738202557	0.291714182	0.273547949
Thamnophilus_punctatus	8.35095952	41.13911321	27.2669861	7.850669542	10.29298181	7.851740432	25.48013897	0.348492289	0.305825015	0.298349217	0.448303063	0.330185903	0.365603914	0.279289852	10.57228039	37.62708375	0.264553948	0.251882	0.26651372	0.26852944	0.249815604	4.432689011	8.539608756	21.76041584	3.744564273	17.98977989	0.248315193	0.262725761
Thamnophilus_ruficapillus	7.640577703	35.6703197	28.02500787	6.473272663	8.39311272	9.042824611	24.6386156	0.345725061	0.334591198	0.358390866	0.459627701	0.334714695	0.449071533	0.337083733	8.025751628	40.64874064	0.296310512	0.349648919	0.307865044	0.307058428	0.332470477	5.874379538	7.893163835	19.75378009	6.236027502	25.79374165	0.4672374	0.309623327
Thamnophilus_schistaceus	7.408194688	29.03900286	18.38389676	7.195240388	7.604930295	7.378225833	20.49086978	0.359879284	0.362129347	0.372030517	0.478434803	0.366789038	0.370309792	0.340225537	7.54733058	17.81867291	0.26695786	0.240130287	0.264984778	0.266478308	0.250204561	5.895727698	7.625857252	13.7308326	6.359869222	12.59317294	0.257538615	0.268965621
Thamnophilus_stictocephalus	10.40440576	46.56705366	25.98197168	11.657371	10.94549627	7.997758141	27.85369432	0.407276401	0.314075368	0.358759286	0.490998036	0.38970909	0.389381687	0.318739489	10.23822954	35.5872253	0.281532204	0.278257737	0.279576345	0.279471813	0.269289935	5.978103209	9.936229342	23.04635674	4.772066597	25.34957787	0.269394219	0.270458158
Thamnophilus_sticturus	12.99217568	62.21765129	36.38801679	10.94408447	14.15898784	10.72273749	35.62150124	0.375332235	0.311310997	0.387594869	0.519060078	0.351981512	0.405604625	0.293109228	13.53479512	55.66105646	0.255341666	0.278897646	0.270652822	0.269917475	0.262059817	5.186829516	11.02713335	28.42682398	3.31885297	27.98784074	0.259226925	0.260494237
Thamnophilus_tenuepunctatus	8.374483526	13.11909961	16.00065163	6.173379258	6.024986082	6.640716829	11.47841513	0.47438363	0.287798873	0.249646632	0.51072685	0.439822042	0.494881813	0.256851271	7.73417507	10.30002176	0.233021684	0.245070574	0.246232701	0.267691706	0.230514111	4.638990575	7.469108599	6.463339795	3.140764884	7.973348598	0.242449746	0.258658103
Thamnophilus_torquatus	10.14176438	35.9870264	21.70981649	5.032636692	17.37448622	6.916534995	23.63673066	0.330541806	0.353263678	0.381954117	0.528102149	0.305410991	0.441006505	0.314537441	7.892453826	26.75925071	0.287201586	0.322234548	0.296172197	0.307689912	0.413085637	11.64166369	11.21677771	18.22113744	3.621232978	25.63355971	0.272028849	0.286615437
Thamnophilus_unicolor	8.240970221	16.88846709	14.18805289	8.681353548	7.578677789	9.284792075	12.90819802	0.401865721	0.405629887	0.414255441	0.464887072	0.396672676	0.344432229	0.332190041	5.879673907	8.23803199	0.278775581	0.251247744	0.264900766	0.270857565	0.25386292	6.10764438	5.434975909	8.400715319	6.191857324	7.768430202	0.264946612	0.261745588
Thamnophilus_zarumae	10.15310971	37.72602528	29.25141732	6.555906232	10.95774084	11.65016717	30.77661829	0.438814358	0.390200627	0.356273186	0.493433654	0.437842639	0.482348335	0.314909177	9.14235574	40.96803308	0.277913798	0.294741974	0.300750346	0.339999968	0.306575512	10.74861943	10.0271299	26.68360754	4.550571253	28.45030418	0.283741387	0.293204912
Willisornis_poecilinotus	8.279319019	15.45090964	15.20767226	5.128003476	6.174593154	6.179874401	17.14847193	0.338573728	0.344414024	0.36194054	0.414253814	0.339797838	0.3032539	0.388729893	7.599464609	12.05241367	0.263724781	0.260298745	0.256402877	0.259976462	0.252829788	6.161378853	6.75221402	10.63623632	4.816964485	8.017005211	0.253139715	0.275397149
Willisornis_vidua	10.83816049	12.81313768	18.34570504	7.442733329	5.83041553	8.728441563	25.67463343	0.32561	0.29672861	0.269440387	0.36802904	0.453849864	0.333395618	0.290029684	9.200998051	13.48818437	0.259013274	0.266694263	0.272102865	0.263817174	0.25957948	4.590206046	5.561702482	13.91713801	5.061649405	19.8346447	0.275208209	0.280537144
Xenornis_setifrons	4.557554023	9.527655495	8.276860776	3.069640572	4.122246566	6.33297328	11.82164606	0.395039253	0.391454373	0.364667286	0.407880998	0.369263132	0.291826511	0.315800202	5.447984756	7.138685362	0.27531847	0.340545708	0.257250042	0.263275339	0.360273563	6.262001298	5.284127375	5.573935015	2.552691904	6.975098747	0.3891354	0.2627564