aos.howardmoore.species	howardmoore.family	dr.statistic	tb.statistic	nh.statistic	elev.mid	elev.max	elev.range	lat.mid	lat.max	lat.range	AM_percent	AN_percent	DT_percent	AF_percent	CA_percent
Akletos_goeldii	Thamnophilidae	-1.607858569	1.11596322	18.25256676	400	800	800	11.09698486	8.176086426	5.841796875	0.841362542	0.158637458	0	0	0
Akletos_melanoceps	Thamnophilidae	-1.607858569	1.11596322	18.25256676	250	500	500	4.313598633	2.640686035	13.90856934	0.919747539	0.080252461	0	0	0
Ammonastes_pelzelni	Thamnophilidae	-2.338268529	2.155109038	23.62000238	175	350	350	1.429105045	2.848453535	2.83869698	1	0	0	0	0
Ampelornis_griseiceps	Thamnophilidae	-2.290864757	2.023523094	23.12761488	1750	2900	2300	4.647247314	3.493408203	2.307678223	0	1	0	0	0
Aprositornis_disjuncta	Thamnophilidae	-2.493017303	2.316810333	24.86926666	75	150	150	1.211530526	4.138488769	5.853916487	1	0	0	0	0
Batara_cinerea	Thamnophilidae	-2.128074611	1.960609722	20.24328115	1300	2600	2600	23.70608521	17.12188721	13.168396	0.000146028	0.053842704	0.037602318	0.90840895	0
Biatas_nigropectus	Thamnophilidae	-2.287092656	2.12505476	20.6111393	850	1200	700	24.36602783	19.60772705	9.516601562	0	0	0.003585926	0.996414074	0
Cercomacra_brasiliana	Thamnophilidae	-2.104943879	1.85633174	22.10385048	475	950	950	17.9749736	13.01043304	9.929081117	0	0	0.005959018	0.994040982	0
Cercomacra_carbonaria	Thamnophilidae	-0.95063009	0.301542817	18.16957164	100	200	200	3.713409424	3.99432373	0.561828613	1	0	0	0	0
Cercomacra_cinerascens	Thamnophilidae	-1.962292539	1.795851087	21.09889732	575	1150	1150	2.9659729	8.355529785	10.77911377	0.885203577	0.061811003	0.052985419	0	0
Cercomacra_ferdinandi	Thamnophilidae	-1.340966345	0.635391471	19.10388434	75	150	150	9.116821289	5.176818848	7.880004882	0.166791836	0	0.833208164	0	0
Cercomacra_manu	Thamnophilidae	-2.303891126	1.936376707	23.22553865	673.5	1200	1053	9.333469432	4.707898731	9.251141403	0.892004284	0.084725303	0.023270413	0	0
Cercomacra_melanaria	Thamnophilidae	-1.750539932	1.481559085	20.11659748	427	800	746	15.59155273	13.08679199	5.009521484	0.260171304	0.218995831	0.520832864	0	0
Cercomacra_nigricans	Thamnophilidae	-0.95063009	0.301542817	18.16957164	750	1500	1500	4.228393555	11.35650635	14.25622559	0.108224309	0.295309372	0	0	0.596466319
Cercomacroides_laeta	Thamnophilidae	-1.966808727	1.659623484	21.28573715	300	600	600	3.092315674	2.505676269	11.19598389	0.844251912	0	0.01165502	0.144093068	0
Cercomacroides_nigrescens	Thamnophilidae	-2.201474175	1.78678897	22.35429756	1100	2200	2200	3.453887939	6.003112793	18.91400147	0.78140774	0.124548505	0.094043755	0	0
Cercomacroides_parkeri	Thamnophilidae	-1.675825584	1.526211509	19.45533719	1540	1950	820	6.84274617	8.32800064	2.97050894	0	0.905335506	0	0	0.094664494
Cercomacroides_serva	Thamnophilidae	-1.805940966	1.614139045	20.32913856	780	1500	1440	7.009787342	1.601135472	17.22184563	0.776461578	0.223538422	0	0	0
Cercomacroides_tyrannina	Thamnophilidae	-1.675825584	1.526211509	19.45533719	600	1200	1200	7.80947876	18.51867676	21.418396	0.460888739	0.113255435	0	0	0.425855826
Clytoctantes_alixii	Thamnophilidae	-2.50599433	2.183785003	25.90405133	700	1200	1000	8.2321167	11.18231201	5.900390625	0	0.394863661	0	0	0.605136339
Clytoctantes_atrogularis	Thamnophilidae	-2.161764695	1.632600966	24.17181097	75	150	150	8.526000976	6.797790527	3.456420898	1	0	0	0	0
Cymbilaimus_lineatus	Thamnophilidae	-2.337952448	2.234565159	21.75971905	750	1500	1500	6.824981689	15.88049316	18.11102295	0.716555328	0.097837235	0.04542286	0	0.140184576
Cymbilaimus_sanctaemariae	Thamnophilidae	-2.337952448	2.234565159	21.75971905	725	1450	1450	11.06210327	8.043579101	6.037048341	0.836885112	0.163114888	0	0	0
Dichrozona_cincta	Thamnophilidae	-2.493080212	2.401395956	23.39162326	450	900	900	6.257659912	3.383483886	19.2822876	0.906504968	0.093495032	0	0	0
Drymophila_caudata	Thamnophilidae	-0.930785518	0.476987932	16.49235793	1500	2500	2000	4.431283698	6.967392553	5.072217711	0	0.772070329	0	0	0.227929671
Drymophila_devillei	Thamnophilidae	-1.846999882	1.546386711	18.51985116	650	1300	1300	0.125099588	2.781082964	5.311966753	0.761259484	0.126063035	0.11267748	0	0
Drymophila_ferruginea	Thamnophilidae	-1.89585442	1.673240726	18.55008611	800	1600	1600	20.68438721	13.54608154	14.27661133	0	0	0.039994703	0.960005297	0
Drymophila_genei	Thamnophilidae	-1.988095274	1.648189092	19.69332629	1500	2200	1400	21.45043945	19.61669922	3.667480469	0	0	0	1	0
Drymophila_hellmayri	Thamnophilidae	-0.930785518	0.476987932	16.49235793	1500	2500	2000	10.9420166	11.1519165	0.419799805	0	0.832870138	0	0	0.167129862
Drymophila_klagesi	Thamnophilidae	-1.548773361	1.121879821	17.81761342	1500	2500	2000	10.13067627	11.03887939	1.816406249	0.078045546	0.807005894	0	0	0.11494856
Drymophila_malura	Thamnophilidae	-2.160826361	2.073290834	19.83824136	950	1900	1900	24.93341064	19.45239258	10.96203613	0	0	0.060657735	0.939342265	0
Drymophila_ochropyga	Thamnophilidae	-1.988095274	1.648189092	19.69332629	1125	1950	1650	17.46636792	11.82323819	11.28625944	0	0	0.033632786	0.966367214	0
Drymophila_rubricollis	Thamnophilidae	-1.89585442	1.673240726	18.55008611	1450	2000	1100	24.9447937	21.92468262	6.040222168	0	0	0.008596176	0.991403824	0
Drymophila_squamata	Thamnophilidae	-2.395765573	2.352686617	21.91440141	450	900	900	17.94133616	8.664471646	18.55372904	0	0	0.012319117	0.987680883	0
Drymophila_striaticeps	Thamnophilidae	-1.241785139	0.796552236	17.13936419	1500	2500	2000	0.853118896	7.252075196	16.21038819	0.050332449	0.922019807	0	0	0.027647744
Dysithamnus_leucostictus	Thamnophilidae	-1.983732775	1.786528059	18.38292491	1200	1900	1400	3.063014404	11.33129883	16.53656885	0.040052671	0.921484602	0	0	0.038462728
Dysithamnus_mentalis	Thamnophilidae	-1.983732775	1.786528059	18.38292491	1250	2500	2500	4.598205567	18.19250488	45.5814209	0.063863034	0.188023898	0.158467247	0.514750457	0.074895364
Dysithamnus_occidentalis	Thamnophilidae	-2.06650653	1.977326864	18.43995738	2000	2400	800	0.214167944	5.214791553	10.85791899	0.016880708	0.971153151	0	0	0.011966141
Dysithamnus_plumbeus	Thamnophilidae	-2.220136135	2.115395012	19.52611548	450	900	900	17.75663875	13.67349479	8.166287921	0	0	0	1	0
Dysithamnus_puncticeps	Thamnophilidae	-2.058919754	1.609864421	19.87662266	500	1000	1000	8.917602539	9.752075195	1.668945312	0	0.166918689	0	0	0.833081311
Dysithamnus_stictothorax	Thamnophilidae	-1.861246918	1.602678519	17.85414693	625	1250	1250	20.68081665	14.24932861	12.86297608	0	0	0.001358742	0.998641258	0
Dysithamnus_striaticeps	Thamnophilidae	-2.058919754	1.609864421	19.87662266	450	900	900	15.00268555	15.99029541	1.975219727	0	0	0	0	1
Dysithamnus_xanthopterus	Thamnophilidae	-1.861246918	1.602678519	17.85414693	1225	1700	950	23.4889488	19.7868042	7.404289207	0	0	0.00035166	0.99964834	0
Epinecrophylla_amazonica	Thamnophilidae	-0.858400401	0.307708939	18.2113243	650	1300	1300	7.195970093	3.070174181	8.251591824	1	0	0	0	0
Epinecrophylla_dentei	Thamnophilidae	-0.858400401	0.307708939	18.2113243	650	1300	1300	7.195970093	3.070174181	8.251591824	1	0	0	0	0
Epinecrophylla_erythrura	Thamnophilidae	-1.83093521	1.432666843	21.68484263	515.5	1000	969	5.534576416	3.192321777	17.45379639	0.836442371	0.163557629	0	0	0
Epinecrophylla_fjeldsaai	Thamnophilidae	-0.847173094	0.134656759	18.21784168	650	1300	1300	2.835840633	7.595926464	20.8635342	0.9896112	0.0103888	0	0	0
Epinecrophylla_fulviventris	Thamnophilidae	-2.522028289	2.227434381	25.94006804	600	1200	1200	11.77029419	15.88049316	8.220397949	0	0.168768803	0	0	0.831231197
Epinecrophylla_gutturalis	Thamnophilidae	-1.790614259	1.307436359	21.64961595	500	1000	1000	3.020111084	7.581298828	9.122375488	1	0	0	0	0
Epinecrophylla_haematonota	Thamnophilidae	-0.847173094	0.134656759	18.21784168	650	1300	1300	2.835840633	7.595926464	20.8635342	0.9896112	0.0103888	0	0	0
Epinecrophylla_leucophthalma	Thamnophilidae	-1.83093521	1.432666843	21.68484263	525	1050	1050	3.016061396	1.512242041	3.007638711	0.921775356	0.044017252	0.034207391	0	0
Epinecrophylla_ornata	Thamnophilidae	-2.295747759	2.002815422	24.39588643	750	1500	1500	1.001543322	4.033874512	10.07083567	0.707818865	0.245259888	0.046921247	0	0
Epinecrophylla_pyrrhonota	Thamnophilidae	-1.259012105	0.967017306	19.28494778	650	1300	1300	2.835840633	7.595926464	20.8635342	0.9896112	0.0103888	0	0	0
Epinecrophylla_spodionota	Thamnophilidae	-1.211483193	0.834269719	19.264513	1050	1500	900	1.076812729	2.863522754	7.880670966	0.171489759	0.828510241	0	0	0
Euchrepomis_callinota	Thamnophilidae	-2.107943508	1.010127463	26.39663599	1550	2400	1700	0.942736207	10.53989858	22.96526957	0.057990308	0.862885241	0	0	0.079124451
Euchrepomis_humeralis	Thamnophilidae	-1.562955163	0.481060402	23.85809629	325	650	650	7.0753479	0.529174805	13.09234619	0.969387744	0.030612256	0	0	0
Euchrepomis_sharpei	Thamnophilidae	-2.107943508	1.010127463	26.39663599	1225	1700	950	14.96171048	12.78041535	4.362590256	0.023036163	0.976963837	0	0	0
Euchrepomis_spodioptila	Thamnophilidae	-1.562955163	0.481060402	23.85809629	550	1100	1100	3.446624756	8.434326172	9.975402832	0.997790769	0.002209231	0	0	0
Formicivora_erythronotos	Thamnophilidae	-2.315206835	2.16837565	23.60078967	25	50	50	23.06375122	22.91680908	0.293884277	0	0	0	1	0
Formicivora_grantsaui	Thamnophilidae	-1.650283716	1.486141054	19.33433019	75	150	150	12.8028937	12.43879522	0.728196971	0	0	1	0	0
Formicivora_grisea	Thamnophilidae	-1.945941486	1.689009709	21.28466729	800	1600	1600	5.401714802	12.45847225	35.72037411	0.421639594	0.075490384	0.235809159	0.167739486	0.099321378
Formicivora_iheringi	Thamnophilidae	-2.026721871	1.773309646	22.21589886	650	1050	800	13.69442749	10.36022949	6.668395996	0	0	0.26116172	0.73883828	0
Formicivora_littoralis	Thamnophilidae	-1.182048403	0.001600718	19.83200986	775	1550	1550	19.4511284	15.92685397	7.048548857	0	0	0.047195791	0.952804209	0
Formicivora_melanogaster	Thamnophilidae	-1.708467097	0.897989481	21.08737039	525	1050	1050	13.22024536	2.367492676	21.70550537	0.03866172	0.009975649	0.649542848	0.301819782	0
Formicivora_rufa	Thamnophilidae	-1.791244117	1.608156692	20.26647546	725	1450	1450	4.703338623	2.539916992	14.48651123	0.12803863	0.025251561	0.379565575	0.467144234	0
Formicivora_serrana	Thamnophilidae	-1.182048403	0.001600718	19.83200986	775	1550	1550	19.4511284	15.92685397	7.048548857	0	0	0.047195791	0.952804209	0
Frederickena_fulva	Thamnophilidae	-1.514323541	0.750526542	18.61603278	557.5	1100	1085	6.216033935	1.932128906	16.29632568	0.909568617	0.090431383	0	0	0
Frederickena_unduliger	Thamnophilidae	-1.514323541	0.750526542	18.61603278	557.5	1100	1085	6.216033935	1.932128906	16.29632568	0.909568617	0.090431383	0	0	0
Frederickena_viridis	Thamnophilidae	-1.942271299	1.663444258	19.48434424	350	700	700	6.707977295	7.96307373	2.510192871	1	0	0	0	0
Gymnocichla_nudiceps	Thamnophilidae	-1.936106829	1.824370244	19.01256974	600	1200	1200	12.53369141	17.04968262	9.031982422	0	0.128523878	0	0	0.871476122
Gymnopithys_bicolor	Thamnophilidae	-0.893280467	0.190887266	18.25887512	500	1000	1000	12.6776123	16.02709961	6.698974609	0	0.186334204	0	0	0.813665796
Gymnopithys_leucaspis	Thamnophilidae	-0.893280467	0.190887266	18.25887512	500	1000	1000	0.614105224	4.409301757	7.590393066	0.95340308	0.04659692	0	0	0
Gymnopithys_rufigula	Thamnophilidae	-1.301808682	0.614781233	19.2060169	300	600	600	4.499063865	8.072875977	7.147624225	1	0	0	0	0
Hafferia_fortis	Thamnophilidae	-1.647874523	1.360828337	18.25105933	650	1300	1300	5.813323974	2.301879883	16.23040771	0.903039735	0.096960265	0	0	0
Hafferia_immaculata	Thamnophilidae	-1.167343923	0.207800852	17.47741881	1000	2000	2000	7.108276367	10.80908203	7.401611328	0.002801559	0.913070796	0	0	0.084127645
Hafferia_zeledoni	Thamnophilidae	-1.167343923	0.207800852	17.47741881	1000	2000	2000	4.26382719	11.0997369	13.67181942	0	0.260900228	0	0	0.739099772
Herpsilochmus_atricapillus	Thamnophilidae	-1.19893995	0.864565555	16.00949218	725	1450	1450	14.49615478	2.731689453	23.52893066	0.032728512	0.027099002	0.565542173	0.374630313	0
Herpsilochmus_axillaris	Thamnophilidae	-1.670978378	1.563129436	17.11475393	1350	2000	1300	3.661010743	5.580322266	3.838623047	0.098969588	0.871258268	0	0	0.029772143
Herpsilochmus_dorsimaculatus	Thamnophilidae	-1.276360413	1.025755892	16.03459477	300	600	600	2.198760986	7.6663208	10.93511963	1	0	0	0	0
Herpsilochmus_dugandi	Thamnophilidae	-1.173724836	0.654039341	16.0172884	350	600	500	0.487487793	1.569885254	2.164794922	0.764105266	0.235894734	0	0	0
Herpsilochmus_gentryi	Thamnophilidae	-1.476579087	1.258708686	16.56441044	75	150	150	3.114410401	2.58581543	1.057189942	1	0	0	0	0
Herpsilochmus_longirostris	Thamnophilidae	-1.513970262	1.327634527	16.58104817	625	1100	950	15.36679077	6.411987304	17.90960693	0.092149862	0.000968097	0.530513152	0.376368889	0
Herpsilochmus_motacilloides	Thamnophilidae	-1.035995573	0.713267404	15.51276264	1500	2100	1200	11.32040405	9.145385742	4.350036621	0.14379706	0.85620294	0	0	0
Herpsilochmus_parkeri	Thamnophilidae	-1.035995573	0.713267404	15.51276264	1350	1450	200	5.62915039	5.204101563	0.850097655	0.059241505	0.940758495	0	0	0
Herpsilochmus_pectoralis	Thamnophilidae	-2.13345987	1.911578249	19.4496602	425	850	850	7.64152801	2.251249075	10.78055787	0.094408898	0	0.377144898	0.528446203	0
Herpsilochmus_pileatus	Thamnophilidae	-1.19893995	0.864565555	16.00949218	75	150	150	14.56835175	12.41789247	4.300918568	0	0	0	1	0
Herpsilochmus_praedictus	Thamnophilidae	-0.902699092	0.290674341	15.48671378	75	150	150	5.990127208	3.420309322	5.139635773	1	0	0	0	0
Herpsilochmus_roraimae	Thamnophilidae	-1.860734054	1.718502754	18.21303703	1350	2000	1300	3.926422119	7.409118652	6.965393066	1	0	0	0	0
Herpsilochmus_rufimarginatus	Thamnophilidae	-1.985231741	1.811143265	18.81479244	750	1500	1500	4.317565917	11.51849365	31.67211914	0.207680375	0.124899779	0.069083496	0.558673484	0.039662867
Herpsilochmus_sellowi	Thamnophilidae	-2.287092656	2.12505476	20.6111393	700	1100	800	6.664001465	4.287109375	4.75378418	0.035443099	0	0.834694954	0.129861948	0
Herpsilochmus_stictocephalus	Thamnophilidae	-1.276360413	1.025755892	16.03459477	350	700	700	6.93157959	8.410278321	2.957397462	1	0	0	0	0
Herpsilochmus_sticturus	Thamnophilidae	-1.173724836	0.654039341	16.0172884	275	550	550	3.949557398	8.051702687	8.204290578	1	0	0	0	0
Herpsilochmus_stotzi	Thamnophilidae	-0.902699092	0.290674341	15.48671378	75	150	150	8.369732435	5.125583758	6.488297354	0.999838648	0	0.000161352	0	0
Hylophylax_naevioides	Thamnophilidae	-2.045341554	1.854489324	20.82344908	550	1100	1100	9.21661377	16.02709961	13.62097168	0	0.189947588	0	0	0.810052412
Hylophylax_naevius	Thamnophilidae	-2.045341554	1.854489324	20.82344908	675	1350	1350	3.907470703	7.857116699	7.899291992	0.883656221	0.112848829	0.00349495	0	0
Hylophylax_punctulatus	Thamnophilidae	-2.205541322	1.983383113	21.72563746	175	350	350	4.113268811	7.766282234	7.306026847	0.994275089	0.003384705	0.002340206	0	0
Hypocnemis_cantator	Thamnophilidae	-1.330635881	1.048838891	18.00092162	700	1400	1400	2.511749268	8.143920899	11.26434326	1	0	0	0	0
Hypocnemis_flavescens	Thamnophilidae	-1.550231686	1.103255658	18.75825095	700	1400	1400	3.396514893	7.569519043	8.346008301	1	0	0	0	0
Hypocnemis_hypoxantha	Thamnophilidae	-2.215329374	2.05647633	20.47184228	451	900	898	3.949555916	2.238708496	12.37652883	0.955853582	0.044146418	0	0	0
Hypocnemis_ochrogyna	Thamnophilidae	-0.918346362	0.620422712	16.62594648	679	1300	1242	12.2220459	8.045898438	8.352294922	0.702114242	0	0.297885758	0	0
Hypocnemis_peruviana	Thamnophilidae	-1.147584888	0.923346184	17.29713886	661	1300	1278	0.069396973	3.271484375	6.404174805	0.856951607	0.143048393	0	0	0
Hypocnemis_rondoni	Thamnophilidae	-0.701858963	0.42517296	15.99694266	75	150	150	7.55960606	5.441885765	4.235440591	1	0	0	0	0
Hypocnemis_striata	Thamnophilidae	-0.701858963	0.42517296	15.99694266	75	150	150	7.046844483	1.026794434	12.0401001	0.986899435	0	0.013100565	0	0
Hypocnemis_subflava	Thamnophilidae	-1.858040421	1.296887959	19.58689771	721.5	1300	1157	13.14404297	8.485778808	9.316528321	0.303271804	0.696728196	0	0	0
Hypocnemoides_maculicauda	Thamnophilidae	-2.052743689	1.546593529	21.56489749	250	500	500	1.481048584	0.538513184	1.885070801	0.768387231	0.042855844	0.188756925	0	0
Hypocnemoides_melanopogon	Thamnophilidae	-2.052743689	1.546593529	21.56489749	350	700	700	4.1612854	10.55310059	12.78363037	0.985040668	0.014959332	0	0	0
Hypoedaleus_guttatus	Thamnophilidae	-2.128074611	1.960609722	20.24328115	450	900	900	19.06255577	8.660900615	20.80331031	0	0	0.035174617	0.964825383	0
Isleria_guttata	Thamnophilidae	-2.158500758	1.42113615	23.60795177	350	700	700	3.311218262	8.163513183	9.704589843	1	0	0	0	0
Isleria_hauxwelli	Thamnophilidae	-2.158500758	1.42113615	23.60795177	300	600	600	0.585845947	4.375305175	7.578918457	0.885784255	0.058503277	0.055712468	0	0
Mackenziaena_leachii	Thamnophilidae	-1.935221527	1.644701576	19.47918674	1075	2150	2150	24.54849243	18.67907715	11.73883057	0	0	0.054632428	0.945367572	0
Mackenziaena_severa	Thamnophilidae	-1.935221527	1.644701576	19.47918674	700	1400	1400	21.31838989	14.33599853	13.96478272	0	0	0.038662328	0.961337672	0
Megastictus_margaritatus	Thamnophilidae	-2.618472227	2.545381509	25.32017637	625	1250	1250	0.294250488	6.36151123	13.31152344	0.977585241	0.022414759	0	0	0
Microrhopias_quixensis	Thamnophilidae	-2.642777417	2.543351879	26.20799372	700	1400	1400	8.215545654	18.61688232	20.80267334	0.585099349	0.065013866	0.027773566	0	0.322113219
Myrmeciza_longipes	Thamnophilidae	-2.46725333	2.348858752	22.81899872	900	1800	1800	5.411667533	12.36441173	13.90548838	0.402274426	0.192867746	0	0	0.404857828
Myrmelastes_brunneiceps	Thamnophilidae	-1.405218356	1.079274513	18.84897526	850	1700	1700	12.84310913	11.42840576	2.829406738	0.155727077	0.844272923	0	0	0
Myrmelastes_caurensis	Thamnophilidae	-1.757960974	1.490839494	19.80575894	750	1500	1500	4.111877441	7.578674316	6.93359375	1	0	0	0	0
Myrmelastes_humaythae	Thamnophilidae	-1.216624595	0.983998351	18.04028305	850	1700	1700	6.928497314	2.390502929	9.07598877	1	0	0	0	0
Myrmelastes_hyperythrus	Thamnophilidae	-1.949520057	1.71330249	20.69368952	400	800	800	7.334899903	1.36932373	17.40844727	0.889108416	0.110891584	0	0	0
Myrmelastes_leucostigma	Thamnophilidae	-1.216624595	0.983998351	18.04028305	850	1700	1700	2.338028459	7.986452845	20.64896261	0.865304818	0.134695182	0	0	0
Myrmelastes_rufifacies	Thamnophilidae	-1.650635423	1.222381519	19.73266588	850	1700	1700	5.841430664	1.556884766	8.569091796	1	0	0	0	0
Myrmelastes_saturatus	Thamnophilidae	-1.757960974	1.490839494	19.80575894	850	1700	1700	5.298706055	6.059692383	1.521972656	1	0	0	0	0
Myrmelastes_schistaceus	Thamnophilidae	-1.968562147	1.760847926	20.70957876	200	400	400	5.277160644	0.653076172	11.86047363	0.99733052	0.00266948	0	0	0
Myrmoborus_leucophrys	Thamnophilidae	-1.760545798	1.372932488	18.89526383	850	1700	1700	3.515747071	10.01727295	13.00305176	0.827036386	0.113849623	0.059113991	0	0
Myrmoborus_lophotes	Thamnophilidae	-1.917927942	1.779917293	18.99438673	725	1450	1450	11.22700064	8.369628906	5.714743468	0.794331431	0.205668569	0	0	0
Myrmoborus_lugubris	Thamnophilidae	-1.760545798	1.372932488	18.89526383	75	150	150	0.373010087	1.484509611	3.715039397	1	0	0	0	0
Myrmoborus_melanurus	Thamnophilidae	-1.917927942	1.779917293	18.99438673	75	150	150	5.257428123	2.600366501	5.314123245	1	0	0	0	0
Myrmoborus_myotherinus	Thamnophilidae	-2.126961222	2.002598294	20.38772648	700	1400	1400	2.677764893	7.105712891	8.855895997	0.828582145	0.11159717	0.059820685	0	0
Myrmochanes_hemileucus	Thamnophilidae	-2.118550001	1.751869506	23.2007738	150	300	300	7.598388671	0.216674804	14.76342774	0.968258878	0.031741122	0	0	0
Myrmoderus_eowilsoni	Thamnophilidae	-1.97045448	1.468601964	21.43308882	1570	1570	1570	7.39	7.39	0.1	0	1	0	0	0
Myrmoderus_ferrugineus	Thamnophilidae	-1.97045448	1.468601964	21.43308882	275	550	550	3.470011212	8.481099083	10.02217574	1	0	0	0	0
Myrmoderus_loricatus	Thamnophilidae	-1.805047081	1.364736399	20.52869933	1000	1300	600	18.01345825	12.51971436	10.98748779	0	0	0.029245367	0.970754633	0
Myrmoderus_ruficauda	Thamnophilidae	-2.10970694	1.869790231	21.56707485	275	550	550	12.95193481	6.765686035	12.37249756	0	0	0.002108798	0.997891202	0
Myrmoderus_squamosus	Thamnophilidae	-1.805047081	1.364736399	20.52869933	500	1000	1000	22.37384033	21.98010254	0.787475586	0	0	0.028366737	0.971633263	0
Myrmophylax_atrothorax	Thamnophilidae	-2.338268529	2.155109038	23.62000238	800	1600	1600	2.738891602	7.708312989	9.938842775	0.865749009	0.069474588	0.064776403	0	0
Myrmorchilus_strigilatus	Thamnophilidae	-2.733205369	2.58977667	27.55656879	550	1100	1100	16.21334839	3.896789551	24.63311768	0.058904483	0.063483516	0.753063658	0.124548343	0
Myrmornis_torquata	Thamnophilidae	-3.112847891	2.850910989	32.70866242	650	1300	1300	5.625901488	15.45712524	19.66244751	0.860587199	0.038088959	0	0	0.101323842
Myrmotherula_ambigua	Thamnophilidae	-1.679766761	1.395766731	20.05750081	560	1100	1080	0.598236085	3.379882813	5.563293457	1	0	0	0	0
Myrmotherula_assimilis	Thamnophilidae	-2.340197461	2.221598603	22.84587127	75	150	150	7.146453857	0.088989258	14.1149292	1	0	0	0	0
Myrmotherula_axillaris	Thamnophilidae	-2.240800128	1.981992495	22.7055232	600	1200	1200	1.316253662	15.88049316	29.128479	0.600133512	0.092527132	0.052411106	0.132224451	0.122703799
Myrmotherula_behni	Thamnophilidae	-1.430632972	0.828371452	20.73850106	1175	1850	1350	1.342218796	7.001766798	11.319096	0.768071935	0.231928065	0	0	0
Myrmotherula_brachyura	Thamnophilidae	-1.398979274	1.007162349	19.03869612	500	1000	1000	3.121582031	8.473693847	10.70422363	0.887888104	0.082375819	0.029736077	0	0
Myrmotherula_cherriei	Thamnophilidae	-2.118550001	1.751869506	23.2007738	275	550	550	0.829377658	6.117919922	10.57708453	0.982579654	0.017420346	0	0	0
Myrmotherula_fluminensis	Thamnophilidae	-2.026721871	1.773309646	22.21589886	600	1200	1200	22.56666667	22.56666667	0.1	0	0	0	1	0
Myrmotherula_grisea	Thamnophilidae	-1.430632972	0.828371452	20.73850106	1075	1650	1150	12.95503492	12.17695117	1.556167498	0.011462255	0.978267314	0.01027043	0	0
Myrmotherula_ignota	Thamnophilidae	-1.398979274	1.007162349	19.03869612	550	1100	1100	6.947692871	9.637512207	5.379638672	0.654396339	0.131146122	0	0	0.214457539
Myrmotherula_iheringi	Thamnophilidae	-2.22872524	1.955304668	23.47171293	327	650	646	7.831085205	2.135681153	11.3908081	0.986178612	0.013821388	0	0	0
Myrmotherula_klagesi	Thamnophilidae	-1.759939196	1.01917723	21.00833545	75	150	150	0.867688074	1.75784895	5.251074048	1	0	0	0	0
Myrmotherula_longicauda	Thamnophilidae	-1.759939196	1.01917723	21.00833545	775	1550	1550	5.135917561	1.498068088	13.2679713	0.180101422	0.819898578	0	0	0
Myrmotherula_longipennis	Thamnophilidae	-1.970508343	1.598942023	21.52167465	650	1300	1300	3.138183594	8.506896973	10.73742676	0.967156867	0.031621833	0.0012213	0	0
Myrmotherula_menetriesii	Thamnophilidae	-2.340197461	2.221598603	22.84587127	550	1100	1100	2.719146729	8.347473145	11.25665283	0.894664249	0.09526578	0.01006997	0	0
Myrmotherula_minor	Thamnophilidae	-1.936704774	1.560479994	22.17953135	450	900	900	21.67034912	16.77288818	9.794921875	0	0	0	1	0
Myrmotherula_multostriata	Thamnophilidae	-1.51024057	0.727940801	20.7125385	275	550	550	4.651823803	5.972048194	21.247744	0.879658469	0.04742361	0.072917922	0	0
Myrmotherula_pacifica	Thamnophilidae	-1.943740345	1.457212412	22.0440904	600	1200	1200	4.990386963	9.620300293	9.25982666	0	0.305643366	0	0	0.694356634
Myrmotherula_schisticolor	Thamnophilidae	-1.681677181	1.338486302	20.95511373	1150	2300	2300	8.017028809	17.215271	18.39648437	0.031361246	0.595996499	0	0	0.372642254
Myrmotherula_sclateri	Thamnophilidae	-1.900694561	1.510241839	21.1254629	351.5	700	697	8.365590838	1.756043029	13.21909562	0.945681188	0.000381382	0.05393743	0	0
Myrmotherula_snowi	Thamnophilidae	-1.469013222	0.961947611	20.76031446	75	150	150	8.38494873	7.597412109	1.575073242	0	0	0.013223902	0.986776098	0
Myrmotherula_sunensis	Thamnophilidae	-1.681677181	1.338486302	20.95511373	350	700	700	3.678904089	3.207499438	13.77280706	0.883242011	0.116757989	0	0	0
Myrmotherula_surinamensis	Thamnophilidae	-1.51024057	0.727940801	20.7125385	225	450	450	7.253169422	9.053457984	3.600577125	1	0	0	0	0
Myrmotherula_unicolor	Thamnophilidae	-1.469013222	0.961947611	20.76031446	250	500	500	24.16761714	18.98926222	10.35670984	0	0	0	1	0
Myrmotherula_urosticta	Thamnophilidae	-1.970508343	1.598942023	21.52167465	250	500	500	17.46139526	12.56719971	9.788391113	0	0	0	1	0
Neoctantes_niger	Thamnophilidae	-2.161764695	1.632600966	24.17181097	375	750	750	2.544639161	1.985717774	9.06071387	0.944090781	0.055909219	0	0	0
Oneillornis_lunulatus	Thamnophilidae	-1.617433755	1.078388833	20.17259283	200	400	400	5.26699829	0.15991211	10.8538208	0.955657011	0.044342989	0	0	0
Oneillornis_salvini	Thamnophilidae	-1.617433755	1.078388833	20.17259283	407	800	786	10.01959229	2.587585449	14.86401367	0.845626596	0.154373404	0	0	0
Percnostola_arenarum	Thamnophilidae	-1.473101851	0.803375977	18.17170909	75	150	150	4.025892964	3.615722657	0.820340614	1	0	0	0	0
Percnostola_rufifrons	Thamnophilidae	-1.473101851	0.803375977	18.17170909	550	1100	1100	1.285217285	7.159912109	11.74938965	1	0	0	0	0
Phaenostictus_mcleannani	Thamnophilidae	-2.430679656	2.304523613	23.39184743	600	1200	1200	8.69619751	16.02709961	14.6618042	0	0.06855326	0	0	0.93144674
Phlegopsis_borbae	Thamnophilidae	-1.800352623	1.44848693	20.33317144	75	150	150	5.784253984	2.215062476	7.138383017	1	0	0	0	0
Phlegopsis_erythroptera	Thamnophilidae	-2.060117679	1.762133591	21.33795285	275	550	550	4.212336578	3.479531094	15.38373534	0.995534069	0.004465931	0	0	0
Phlegopsis_nigromaculata	Thamnophilidae	-1.800352623	1.44848693	20.33317144	450	900	900	0.292449952	3.49407959	6.403259277	0.880493061	0.079017837	0.040489102	0	0
Pithys_albifrons	Thamnophilidae	-1.95681673	1.02493812	22.0181858	675	1350	1350	3.399902344	8.340881348	9.881958008	0.878711204	0.121288796	0	0	0
Pithys_castaneus	Thamnophilidae	-1.95681673	1.02493812	22.0181858	225	250	50	4.450830832	4.180297545	0.541066575	1	0	0	0	0
Poliocrania_exsul	Thamnophilidae	-2.501602461	2.289202849	24.32474448	600	1200	1200	11.62219238	15.88049316	8.516601562	0	0.160669294	0	0	0.839330706
Pygiptila_stellaris	Thamnophilidae	-2.765834939	2.229973432	29.78253199	350	700	700	6.405609131	7.419128418	2.027038574	0.948934346	0.041905999	0.009159655	0	0
Pyriglena_atra	Thamnophilidae	-1.441160648	0.870087618	18.66193532	75	150	150	11.91970825	11.16760254	1.504211426	0	0	0.020032223	0.979967777	0
Pyriglena_leuconota	Thamnophilidae	-1.802381985	1.282355057	19.51850455	1050	2100	2100	4.464111034	2.142883301	13.21398867	0.381917658	0.263945771	0.246867617	0.055122696	0.052146259
Pyriglena_leucoptera	Thamnophilidae	-1.441160648	0.870087618	18.66193532	625	1250	1250	20.59939575	13.37609863	14.44659424	0	0	0.053461299	0.946538701	0
Rhegmatorhina_berlepschi	Thamnophilidae	-0.351983309	-0.266593997	16.67321966	75	150	150	3.437217523	1.940353016	2.993729015	1	0	0	0	0
Rhegmatorhina_cristata	Thamnophilidae	-1.361073939	0.832097109	19.23095474	75	150	150	0.518798828	1.785705567	4.60900879	1	0	0	0	0
Rhegmatorhina_gymnops	Thamnophilidae	-0.731302702	0.179249342	17.46858144	75	150	150	5.59085083	1.682495117	7.816711426	1	0	0	0	0
Rhegmatorhina_hoffmannsi	Thamnophilidae	-0.351983309	-0.266593997	16.67321966	150	300	300	9.721435546	3.360595703	12.72167969	0.777055912	0	0.222944088	0	0
Rhegmatorhina_melanosticta	Thamnophilidae	-1.084936589	0.702168615	18.32501631	675	1350	1350	6.667785644	2.992126465	19.31982422	0.800194526	0.199805474	0	0	0
Rhopias_gularis	Thamnophilidae	-2.493080212	2.401395956	23.39162326	925	1550	1250	23.92129517	18.11828613	11.60601807	0	0	0.018740542	0.981259458	0
Rhopornis_ardesiacus	Thamnophilidae	-2.335541609	2.183812019	21.94781711	500	1000	1000	14.57000732	13.0769043	2.986206054	0	0	0.043488529	0.956511471	0
Sakesphorus_canadensis	Thamnophilidae	-2.054601446	1.449705685	20.89501168	450	900	900	4.691854573	12.48931885	15.59492855	0.56768517	0.126688801	0	0	0.305626029
Sakesphorus_cristatus	Thamnophilidae	-2.461862749	2.42028227	21.98221377	550	1100	1100	8.428055644	2.837361097	11.18138909	0.001310253	0	0.618687401	0.380002346	0
Sakesphorus_luctuosus	Thamnophilidae	-2.054601446	1.449705685	20.89501168	75	150	150	0.513214111	1.204101563	3.434631349	0.903199736	0	0.096800264	0	0
Sciaphylax_castanea	Thamnophilidae	-2.008010734	1.240561113	21.47338733	675	1350	1350	2.033043438	0.975097656	6.016282188	0.596736184	0.403263816	0	0	0
Sciaphylax_hemimelaena	Thamnophilidae	-2.008010734	1.240561113	21.47338733	750	1500	1500	9.525115967	1.932922363	15.18438721	0.773411746	0.164445101	0.062143153	0	0
Sclateria_naevia	Thamnophilidae	-2.354586295	2.074568689	22.65149886	350	700	700	3.96636963	10.84191895	13.75109863	0.9742144	0.015960393	0.009825207	0	0
Sipia_berlepschi	Thamnophilidae	-2.071421139	1.789875362	21.98502095	325	650	650	3.840087891	6.546081543	5.411987305	0	0.071866332	0	0	0.928133668
Sipia_laemosticta	Thamnophilidae	-1.567897243	1.289296834	19.84677613	700	1100	800	9.928676395	11.08661356	2.315874335	0	0	0	0	1
Sipia_nigricauda	Thamnophilidae	-1.567897243	1.289296834	19.84677613	600	1200	1200	3.341278076	6.322082519	5.961608886	0	0.28890772	0	0	0.71109228
Sipia_palliata	Thamnophilidae	-1.785551942	1.383702756	20.86031008	700	1100	800	7.557006836	9.87109375	4.628173828	0.001475275	0.818573771	0	0	0.179950954
Stymphalornis_acutirostris	Thamnophilidae	-1.650283716	1.486141054	19.33433019	2.5	5	5	26.20352259	23.08020514	6.246634906	0	0	0	1	0
Taraba_major	Thamnophilidae	-2.346840738	2.25417236	21.77128069	1100	2200	2200	7.861022949	18.75872803	21.79541016	0.351411888	0.091775336	0.269572414	0.170119534	0.117120827
Terenura_maculata	Thamnophilidae	-2.554379872	2.278606653	26.08749875	625	1250	1250	20.64639282	13.26068115	14.77142334	0	0	0.020283798	0.979716202	0
Thamnistes_anabatinus	Thamnophilidae	-2.765834939	2.229973432	29.78253199	850	1700	1700	11.17956492	17.81970215	13.28027446	0.042317526	0.313001234	0	0	0.644681241
Thamnomanes_ardesiacus	Thamnophilidae	-1.941462084	1.326486234	21.67628973	550	1100	1100	3.833526612	9.208129883	10.74920654	0.925467899	0.074532101	0	0	0
Thamnomanes_caesius	Thamnophilidae	-1.966601344	1.416486458	21.699945	550	1100	1100	0.186248779	7.913513184	16.19952393	0.672452897	0.021260957	0.107726025	0.198560121	0
Thamnomanes_saturninus	Thamnophilidae	-1.941462084	1.326486234	21.67628973	75	150	150	8.195587158	1.898498535	12.59417725	0.964202224	0	0.035797776	0	0
Thamnomanes_schistogynus	Thamnophilidae	-1.966601344	1.416486458	21.699945	700	1400	1400	10.00564575	2.439575195	15.13214111	0.774417721	0.225582279	0	0	0
Thamnophilus_aethiops	Thamnophilidae	-1.315906824	1.172004779	16.15337365	1000	2000	2000	5.006991855	7.564514161	25.14301203	0.834273081	0.085838581	0.05810454	0.021783798	0
Thamnophilus_amazonicus	Thamnophilidae	-1.932948425	1.817908419	18.52692031	350	700	700	2.439178467	7.108886719	9.339416505	0.883746779	0.017328276	0.098924945	0	0
Thamnophilus_ambiguus	Thamnophilidae	-1.071526688	0.789702267	16.06030823	350	700	700	16.89755249	10.69207764	12.41094971	0	0	0.002483651	0.997516349	0
Thamnophilus_aroyae	Thamnophilidae	-1.315906824	1.172004779	16.15337365	1250	1700	900	15.6506958	13.61529541	4.070800781	0.003066042	0.996933958	0	0	0
Thamnophilus_atrinucha	Thamnophilidae	-1.270090395	0.231310114	17.64682125	750	1500	1500	8.508087158	16.61547852	16.21478271	0	0.171160407	0	0	0.828839593
Thamnophilus_bernardi	Thamnophilidae	-1.270090395	0.231310114	17.64682125	975	1950	1950	4.619995117	0.160278321	8.919433593	0	0.778597298	0	0	0.221402702
Thamnophilus_bridgesi	Thamnophilidae	-1.768507717	1.402033351	18.42713417	550	1100	1100	8.937774658	10.67767334	3.479797362	0	0	0	0	1
Thamnophilus_caerulescens	Thamnophilidae	-1.608420815	1.414067549	17.26718243	1350	2700	2700	18.98864746	2.999511719	31.97827148	0.003712412	0.065695188	0.345430328	0.585162072	0
Thamnophilus_cryptoleucus	Thamnophilidae	-1.452196754	0.732420056	17.71923441	200	400	400	5.623626709	0.265075684	10.71710205	0.998893942	0.001106058	0	0	0
Thamnophilus_divisorius	Thamnophilidae	-1.738635571	1.615212209	17.38629646	75	150	150	7.702301025	7.099914551	1.204772949	1	0	0	0	0
Thamnophilus_doliatus	Thamnophilidae	-1.923237366	1.757968515	19.03302142	1000	2000	2000	10.56616211	23.80371094	26.47509766	0.296693167	0.05850249	0.271241258	0.189442501	0.184120584
Thamnophilus_insignis	Thamnophilidae	-1.738635571	1.615212209	17.38629646	1450	2000	1100	3.469417504	6.174864668	5.410894328	1	0	0	0	0
Thamnophilus_melanonotus	Thamnophilidae	-1.848485554	1.756225033	17.9479938	650	1300	1300	10.51493778	12.46392822	3.897980895	0.006245767	0.121469485	0	0	0.872284748
Thamnophilus_melanothorax	Thamnophilidae	-1.768149712	1.502202529	18.40634797	275	550	550	1.743508812	6.003112793	8.519207962	1	0	0	0	0
Thamnophilus_multistriatus	Thamnophilidae	-1.737619343	1.532467069	18.33713697	1550	2200	1300	5.884399414	10.80987549	9.850952148	0	0.930732816	0	0	0.069267184
Thamnophilus_murinus	Thamnophilidae	-2.085197994	1.785671559	20.3238277	650	1300	1300	3.6227417	8.408874512	9.572265625	0.963035581	0.036964419	0	0	0
Thamnophilus_nigriceps	Thamnophilidae	-1.343129733	0.588913252	17.6516062	300	600	600	7.906921387	11.12731934	6.440795898	0	0.352618658	0	0	0.647381342
Thamnophilus_nigrocinereus	Thamnophilidae	-1.452196754	0.732420056	17.71923441	200	400	400	2.849090576	7.928710938	10.15924072	0.984482667	0.015517333	0	0	0
Thamnophilus_palliatus	Thamnophilidae	-1.423243944	0.962154523	17.62260027	1100	2200	2200	11.82070923	0.582519532	22.47637939	0.374471187	0.18538365	0.097908245	0.342236917	0
Thamnophilus_pelzelni	Thamnophilidae	-1.291139108	0.874678738	16.63770688	550	1100	1100	5.977600097	2.253601074	7.447998047	0.030295236	0	0.696425018	0.273279746	0
Thamnophilus_praecox	Thamnophilidae	-1.343129733	0.588913252	17.6516062	75	150	150	0.532440185	0.098388672	0.868103027	1	0	0	0	0
Thamnophilus_punctatus	Thamnophilidae	-1.352408458	1.050018855	16.65685689	750	1500	1500	1.955688477	10.34948731	16.78759766	0.956546308	0.043453692	0	0	0
Thamnophilus_ruficapillus	Thamnophilidae	-1.532714003	0.883097481	18.24184798	1525	3050	3050	16.32672119	5.264526367	22.12438965	0.004218688	0.14257013	0.159703908	0.693507274	0
Thamnophilus_schistaceus	Thamnophilidae	-2.085197994	1.785671559	20.3238277	650	1300	1300	7.328338623	3.341918945	21.34051514	0.836194354	0.118962583	0.044843063	0	0
Thamnophilus_stictocephalus	Thamnophilidae	-1.352408458	1.050018855	16.65685689	75	150	150	1.454895019	0.905700684	1.098388671	0.920651458	0	0.079348542	0	0
Thamnophilus_sticturus	Thamnophilidae	-1.071526688	0.789702267	16.06030823	475	950	950	17.18322676	13.91384734	6.538758844	0.456952949	0.115582423	0.427464628	0	0
Thamnophilus_tenuepunctatus	Thamnophilidae	-1.423243944	0.962154523	17.62260027	1350	2500	2300	0.678826755	8.74425019	16.13084687	0.073712297	0.913922724	0	0	0.012364979
Thamnophilus_torquatus	Thamnophilidae	-1.532714003	0.883097481	18.24184798	875	1750	1750	14.67089844	4.897399903	19.54699707	0.091829498	0	0.493593608	0.414576894	0
Thamnophilus_unicolor	Thamnophilidae	-1.441682218	1.241467052	16.69191178	1600	2300	1400	2.622414591	7.130126953	19.50508309	0.018201088	0.972794203	0	0	0.009004709
Thamnophilus_zarumae	Thamnophilidae	-1.907764335	1.721069653	19.02251461	1725	2650	1850	4.890594482	3.515075684	2.751037597	0	1	0	0	0
Willisornis_poecilinotus	Thamnophilidae	-1.935549305	1.016616133	21.98001479	675	1350	1350	5.003051758	7.563720703	25.13354492	0.862236922	0.095454243	0.042308834	0	0
Willisornis_vidua	Thamnophilidae	-1.935549305	1.016616133	21.98001479	675	1350	1350	0.968292236	0.100280762	1.736022949	0.958717827	0	0.041282173	0	0
Xenornis_setifrons	Thamnophilidae	-2.437930144	2.274613973	24.03736261	475	800	650	7.440307617	9.55871582	4.236816406	0	0	0	0	1